280228	280501	280501	280933
281933	282205	282205	282479
283479	283758	283758	284032
285032	285323	285323	285938
286938	287616	287616	287890
288890	289162	289162	289616
290616	290887	290887	291401
292401	292699	292700	293094
294094	294552	294552	295563
296563	296834	296834	297482
298482	298754	298754	299354
300354	300702	300702	301448
302448	302887	302887	303705
304705	305141	305141	305621
306621	306893	306893	307453
308453	308733	308733	309285
310285	310563	310563	311143
312144	312420	312420	313065
314065	314394	314394	315076
316076	316364	316364	316980
317980	318513	318513	318903
319903	320361	320361	320665
321666	322067	322067	322663
323663	323935	323935	324234
325234	325560	325560	326197
327197	327560	327560	328208
329208	329562	329562	329861
330861	331153	331153	331505
332505	332929	332929	333203
334203	334474	334474	334835
335835	336125	336125	336742
337742	338222	338222	339041
340041	340476	340476	341095
342095	342483	342483	342791
343791	344062	344062	344632
345632	345904	345904	346477
347478	347750	347750	348319
349320	349663	349663	350026
351026	351337	351337	352013
353013	353322	353322	353933
354934	355336	355336	355944
356944	357231	357231	357847
358847	359122	359122	359689
360689	361507	361507	362459
363459	363768	363768	364381
365381	365779	365779	366393
367393	367678	367678	368268
369268	369539	369539	370138
371138	371413	371413	371983
372983	373305	373305	373785
374785	375198	375198	375816
376816	377245	377245	377861
378861	379277	379277	379965
380965	381591	381591	382428
383428	383705	383705	384273
385274	385666	385666	385996
386996	387288	387288	387651
388651	388922	388922	389496
390496	390807	390807	391478
392478	392755	392755	393479
394479	394752	394752	395331
396331	396606	396606	397182
398182	398454	398454	399020
400020	400294	400294	401277
402277	402742	402742	403620
404620	404893	404893	405488
406488	406924	406924	407488
408489	408768	408768	409357
410357	410760	410760	411350
412350	412785	412785	413399
414399	414835	414835	415449
416449	416979	416979	417761
418761	419037	419037	419914
420914	421223	421223	421840
422840	423601	423601	423875
424876	425442	425442	426058
427058	427370	427370	427678
428678	429075	429075	430054
431054	431366	431366	431982
432983	433378	433378	433994
434994	435360	435360	435972
436972	437371	437371	437983
438983	439277	439277	439886
440886	441161	441161	441696
442696	442971	442971	443330
444330	444800	444800	445429
446429	447252	447252	447799
448799	449350	449350	449964
450964	451398	451398	452019
453019	453403	453403	454016
455016	455293	455293	455575
456575	457037	457037	457628
458628	458932	458932	459548
460548	460824	460824	461726
462726	463095	463095	463665
464665	465078	465078	465628
466628	466924	466924	467538
468538	468812	468812	469769
470769	471087	471087	472145
473145	473421	473421	474302
475302	475610	475610	476288
477288	477680	477680	478293
479293	479616	479616	480172
481172	481673	481673	482261
483261	483609	483609	484296
485296	485706	485706	486554
487554	487961	487961	488779
489779	490194	490194	490742
491742	492116	492116	493037
494037	494310	494310	495163
496163	496514	496514	497186
498186	498527	498527	499182
500182	500455	500455	501026
502026	502301	502301	502872
503872	504145	504145	504870
505870	506141	506141	506864
507864	508138	508138	508792
509792	510105	510105	510802
511802	512077	512077	512702
513702	513977	513977	514548
515548	515826	515826	516194
517194	517475	517475	517823
518823	519102	519102	519462
520462	520855	520855	521336
522336	522888	522888	523709
524709	525143	525143	525758
526758	527040	527040	527772
528772	529047	529047	529618
530618	531316	531316	532077
533077	533352	533352	533928
534928	535231	535231	535941
536941	537235	537235	537915
538915	539199	539199	539762
540763	541036	541036	541608
542608	542882	542882	543451
544451	544723	544723	545296
546296	546571	546571	547140
548140	548415	548415	548984
549984	550513	550513	550787
551787	552418	552418	552734
553734	554012	554012	554520
555520	555898	555898	556670
557670	558049	558049	558455
559455	559890	559890	560509
561509	561939	561939	562557
563557	563829	563829	564356
565357	565630	565630	565978
566978	567299	567299	568305
569305	569582	569582	570587
571587	571904	571904	572454
573454	573895	573895	574201
575202	575473	575473	575912
576912	577272	577272	577891
578891	579201	579201	579730
580730	581066	581066	581744
582744	583710	583710	584034
585034	585346	585346	585747
586747	587053	587053	587721
588721	588996	588996	589566
590566	590839	590840	591623
592623	593664	593664	593963
594963	595244	595244	596060
597061	597496	597496	597908
598908	599342	599342	599821
600821	601099	601099	601552
602552	602824	602824	603395
604395	604675	604675	605244
606244	606517	606517	607089
608089	608367	608367	608861
609861	610167	610167	610772
611772	612048	612048	612677
613677	613950	613950	614465
615465	615739	615739	616306
617306	617580	617580	618152
619152	619428	619428	619996
620996	621266	621266	621804
622804	623153	623153	623869
624869	625218	625218	625833
626833	627109	627109	627955
628955	629228	629228	629822
630822	631220	631220	631706
632706	633253	633253	634071
635071	635507	635507	636119
637119	637402	637402	637716
638716	639048	639048	639600
640600	640892	640892	641522
642522	642796	642796	643489
644489	644776	644776	645195
646196	646471	646471	647037
648038	648354	648354	648710
649710	650387	650387	651032
652033	652306	652306	653187
654187	654605	654605	655147
656147	656565	656565	657163
658163	658441	658441	659023
660023	660294	660294	660872
661872	662148	662148	662715
663715	663992	663992	664557
665558	665829	665829	666404
667404	667725	667725	668391
669391	669822	669822	670439
671439	671873	671873	672486
673486	673777	673777	674366
675366	675671	675671	676351
677351	677625	677625	678076
679076	679352	679352	680036
681036	681355	681355	682048
683048	683328	683328	683919
684919	685193	685193	685758
686758	687036	687036	687606
688606	688881	688881	689446
690446	690720	690720	691294
692294	692570	692570	693137
694137	694412	694412	694987
695987	696826	696826	697436
698436	698751	698751	699506
700506	700786	700786	701434
702434	702706	702706	703273
704274	704962	704962	705600
706600	707005	707005	707619
708619	709056	709056	709873
710873	711157	711157	711880
712880	713154	713154	713724
714725	715022	715022	715735
716735	717030	717030	717717
718717	719033	719033	719648
720649	721101	721101	721405
722405	722719	722719	723415
724415	724737	724737	725038
726039	726322	726322	726936
727936	728209	728209	728781
729781	730052	730052	730554
731555	731855	731855	732467
733467	733738	733738	734313
735313	735585	735585	736156
737156	737427	737427	738002
739002	739537	739537	739814
740814	741271	741271	741937
742938	743367	743367	743982
744982	745416	745416	746031
747031	747449	747449	748045
749045	749371	749371	749919
750919	751212	751212	751602
752602	752877	752877	753569
754569	754850	754850	755208
756208	756486	756486	757037
758037	758318	758318	758894
759894	760219	760219	760882
761882	762232	762232	762889
763889	764161	764161	764787
765787	766467	766467	766947
767948	768220	768220	769083
770083	770366	770366	770657
771657	772099	772099	772689
773689	773982	773982	774568
775568	775875	775875	776220
777220	777526	777526	778263
779263	779722	779722	780746
781746	782179	782179	782998
783998	784314	784314	784896
785896	786169	786169	786722
787722	787997	787997	788592
789592	789921	789921	790768
791768	792089	792089	792394
793394	793666	793666	794030
795030	795342	795342	795648
796648	796925	796925	797596
798596	798872	798872	799421
800421	800763	800763	801703
802703	803015	803015	803712
804712	805395	805395	805975
806975	807313	807313	807913
808913	809497	809497	810092
811092	811367	811367	812038
813038	813352	813352	813629
814630	815009	815009	815614
816614	816887	816887	817463
818463	818737	818737	819296
820296	820570	820570	821222
822222	822636	822636	823167
824168	824513	824513	825094
826094	826370	826370	826934
827934	828212	828212	828913
829913	830225	830225	830798
831798	832077	832077	832383
833383	833655	833655	834322
835322	835774	835774	836330
837330	837696	837696	838340
839340	839617	839617	839944
840944	841221	841221	841905
842906	843604	843604	844157
845157	845429	845429	846104
847104	847432	847432	848048
849048	849359	849359	849963
850963	851302	851302	851934
852935	853209	853209	853870
854870	855144	855144	855719
856720	856993	856993	857563
858563	858870	858870	859572
860572	860882	860882	861534
862534	862811	862811	863779
864779	865049	865049	865443
866443	866773	866773	867081
868081	868460	868460	868734
869734	870007	870007	870280
871280	871582	871582	872196
873196	873475	873475	874139
875139	875412	875412	876081
877081	877357	877357	877973
878973	879256	879256	879870
880870	881181	881181	881825
882825	883100	883100	883654
884654	884934	884934	885602
886602	886874	886874	887423
888423	888758	888758	889087
890087	890392	890392	891006
892006	892336	892336	892609
893609	893902	893902	894491
895491	895814	895814	896139
897140	897412	897412	897983
898983	899253	899253	899824
900824	901135	901135	901487
902487	902769	902769	903409
904409	904679	904679	904953
905953	906576	906576	906883
907883	908213	908213	908523
909523	909852	909852	910452
911453	911785	911785	912411
913411	913726	913726	914357
915357	915634	915634	915993
916993	917323	917323	917939
918940	919266	919266	919951
920951	921429	921429	921971
922971	923344	923344	923981
924981	925287	925287	925867
926867	927146	927146	927814
928814	929093	929093	929500
930500	930773	930773	931432
932432	932706	932706	933389
934389	934670	934670	935337
936337	936614	936614	937164
938164	938439	938439	938835
939835	940111	940111	940463
941463	941738	941738	942092
943092	943372	943372	943713
944713	944991	944991	945352
946352	946629	946629	946991
947991	948595	948595	949135
950135	950769	950769	951402
952402	952716	952716	953418
954418	954780	954780	955364
956364	956707	956707	957307
958307	958579	958579	958875
959875	960207	960207	960921
961921	962222	962222	962867
963867	964197	964197	964754
965754	966243	966243	966738
967738	968070	968070	968613
969613	969897	969897	970238
971238	971544	971544	972162
973162	973441	973441	973796
974796	975070	975070	975429
976429	976700	976700	977067
978067	978340	978340	978691
979691	979962	979962	980312
981312	981594	981594	981935
982935	983479	983479	983753
984753	985023	985023	985380
986380	986812	986812	987088
988088	988364	988364	989012
990012	990291	990291	991110
992110	992388	992388	993159
994159	994471	994471	995307
996307	996581	996581	996854
997855	998133	998133	998408
999409	999688	999688	1000271
1001271	1001553	1001553	1002164
1003164	1003495	1003495	1004171
1005172	1005442	1005442	1006138
1007138	1007449	1007449	1008101
1009101	1009412	1009412	1010113
1011113	1011682	1011682	1011990
1012990	1013300	1013300	1013932
1014932	1015210	1015210	1015878
1016878	1017154	1017154	1017805
1018805	1019472	1019472	1020278
1021278	1021562	1021562	1022123
1023123	1023433	1023433	1024049
1025049	1025443	1025443	1026059
1027059	1027342	1027342	1027956
1028956	1029266	1029266	1029576
1030576	1030848	1030848	1031211
1032212	1032828	1032828	1033150
1034150	1034482	1034482	1034788
1035788	1036060	1036060	1036646
1037646	1037958	1037958	1038286
1039286	1039594	1039594	1039924
1040924	1041200	1041200	1041847
1042847	1043124	1043124	1043788
1044788	1045063	1045063	1045612
1046612	1046889	1046889	1047574
1048574	1048852	1048852	1049466
1050466	1050761	1050761	1051066
1052066	1052385	1052385	1052932
1053932	1054207	1054207	1054646
1055646	1055920	1055920	1056540
1057540	1057849	1057849	1058228
1059228	1059501	1059501	1060155
1061155	1061601	1061601	1062143
1063143	1063421	1063421	1063730
1064730	1065008	1065008	1065590
1066590	1066868	1066868	1067432
1068433	1068733	1068733	1069072
1070072	1070389	1070389	1070912
1071912	1072224	1072224	1072853
1073853	1074130	1074130	1075178
1076178	1076452	1076452	1077046
1078046	1078358	1078358	1078946
1079946	1080320	1080320	1080629
1081629	1081957	1081957	1082547
1083547	1083819	1083819	1084413
1085413	1085688	1085688	1086253
1087253	1087562	1087562	1088196
1089197	1089468	1089468	1090123
1091123	1091393	1091393	1091761
1092761	1093033	1093033	1093618
1094618	1094904	1094904	1095667
1096667	1096981	1096981	1097303
1098303	1098617	1098617	1099245
1100245	1100578	1100578	1100882
1101882	1102193	1102193	1102502
1103502	1103837	1103837	1104464
1105464	1105775	1105775	1106413
1107413	1107688	1107688	1108333
1109333	1109663	1109663	1110276
1111276	1111606	1111606	1112238
1113238	1113523	1113523	1113861
1114861	1115133	1115133	1115684
1116684	1117031	1117031	1117356
1118356	1118668	1118668	1119280
1120280	1120631	1120631	1121256
1122257	1123087	1123087	1123498
1124498	1124827	1124827	1125646
1126646	1126923	1126923	1127196
1128196	1128466	1128466	1129127
1130127	1130397	1130397	1130963
1131963	1132274	1132274	1132601
1133601	1133908	1133908	1134545
1135546	1135819	1135819	1136366
1137367	1137715	1137715	1138524
1139524	1139794	1139794	1140356
1141357	1141630	1141630	1142115
1143115	1143391	1143391	1143957
1144957	1145230	1145230	1145798
1146798	1147086	1147086	1147436
1148436	1148715	1148715	1149380
1150380	1150653	1150653	1151223
1152223	1152493	1152493	1153063
1154063	1154375	1154375	1154702
1155702	1156076	1156076	1156380
1157380	1157712	1157712	1158716
1159716	1160004	1160004	1160329
1161329	1161642	1161642	1161967
1162967	1163237	1163237	1163808
1164808	1165079	1165079	1165615
1166615	1166886	1166886	1167253
1168253	1168528	1168528	1168888
1169888	1170163	1170163	1170527
1171527	1171803	1171803	1172130
1173130	1173415	1173415	1173768
1174768	1175045	1175045	1175406
1176407	1176678	1176678	1177041
1178041	1178492	1178492	1178794
1179794	1180077	1180077	1180670
1181670	1181939	1181939	1182512
1183512	1183785	1183785	1184375
1185376	1185730	1185730	1186240
1187240	1187530	1187530	1188254
1189254	1189524	1189524	1190190
1191190	1191463	1191463	1192051
1193051	1193339	1193339	1193643
1194643	1195000	1195000	1195633
1196633	1197166	1197166	1197848
1198848	1199127	1199127	1199724
1200724	1201120	1201120	1201679
1202679	1202951	1202951	1203655
1204655	1204929	1204929	1205544
1206544	1206832	1206832	1207387
1208388	1208999	1208999	1209650
1210650	1210964	1210964	1211578
1212578	1212852	1212852	1213133
1214133	1214442	1214442	1215074
1216074	1216351	1216351	1216716
1217716	1218026	1218026	1218658
1219658	1220192	1220192	1220708
1221708	1222016	1222016	1222702
1223702	1223980	1223980	1224678
1225678	1225959	1225959	1226619
1227620	1227903	1227903	1228565
1229565	1229897	1229897	1230225
1231225	1231548	1231548	1231869
1232869	1233157	1233157	1233465
1234465	1234736	1234736	1235263
1236263	1236538	1236538	1236889
1237889	1238168	1238168	1238521
1239521	1239801	1239801	1240158
1241158	1241438	1241438	1241795
1242795	1243070	1243070	1243709
1244709	1245039	1245039	1245625
1246625	1246987	1246987	1247615
1248616	1248930	1248930	1249560
1250560	1250891	1250891	1251552
1252552	1252835	1252835	1253450
1254450	1254731	1254731	1255276
1256276	1256562	1256562	1256926
1257926	1258206	1258206	1258554
1259554	1259831	1259831	1260191
1261191	1261470	1261470	1261832
1262832	1263115	1263115	1263739
1264739	1265013	1265013	1265320
1266320	1266601	1266601	1266956
1267956	1268235	1268235	1268698
1269698	1270010	1270010	1270644
1271644	1271921	1271921	1272585
