281184	281458	281458	281737
282737	283012	283012	283484
284484	284760	284760	285323
286324	286598	286598	287167
288167	288443	288443	289073
290073	290347	290347	290857
291857	292132	292132	292700
293700	294100	294100	294832
295832	296396	296396	297010
298010	298464	298464	299051
300051	300442	300442	301448
302448	302887	302887	303704
304704	305140	305141	305621
306621	306893	306893	307451
308451	308728	308728	309285
310285	310563	310563	311144
312144	312420	312420	313065
314065	314394	314394	315076
316076	316364	316364	316980
317980	318513	318513	318903
319903	320360	320360	320666
321666	322067	322067	322654
323654	323928	323928	324233
325233	325560	325560	326197
327197	327560	327560	327901
328901	329172	329172	329562
330563	330834	330834	331153
332153	332511	332511	332935
333936	334207	334207	334484
335484	335819	335819	336432
337432	337813	337813	338633
339633	340272	340272	340680
341680	342114	342114	342483
343483	343756	343756	344325
345325	345595	345595	346174
347175	347450	347450	348014
349014	349324	349324	349663
350663	351032	351032	351703
352703	352975	352975	353322
354322	354600	354600	354939
355939	356317	356317	356615
357615	357887	357887	358461
359461	359732	359732	360501
361501	361777	361777	362459
363459	363768	363768	364381
365381	365779	365779	366087
367087	367370	367370	367953
368953	369226	369226	369828
370828	371100	371100	371674
372674	373000	373000	373511
374511	374993	374993	375816
376816	377245	377245	377861
378861	379277	379277	379662
380662	380972	380972	381591
382591	382983	382983	383353
384353	384661	384661	384991
385991	386283	386283	387053
388054	388328	388328	388881
389881	390195	390195	390807
391807	392081	392082	392755
393755	394060	394060	394413
395413	395685	395685	396254
397254	397525	397525	398098
399098	399370	399370	399947
400947	401283	401283	402092
403092	403619	403619	403935
404935	405214	405214	405917
406917	407199	407199	407488
408489	408765	408765	409049
410049	410484	410484	410945
411945	412375	412375	412990
413990	414424	414424	415039
416039	416454	416454	416979
417979	418378	418378	418684
419684	419959	419959	420529
421529	421840	421840	422228
423228	423601	423601	424522
425522	425796	425796	426365
427365	427678	427678	428375
429375	430054	430054	430360
431360	431679	431679	431983
432983	433378	433378	433691
434691	434966	434966	435669
436669	436979	436979	437681
438681	438964	438964	439577
440577	440849	440849	441420
442421	442698	442698	443057
444057	444800	444800	445077
446077	446432	446432	447252
448252	448734	448734	449555
450555	450987	450987	451601
452601	452873	452873	453403
454403	454675	454675	455024
456024	456304	456304	456578
457578	458015	458015	458317
459317	459591	459591	460163
461163	461701	461701	462089
463090	463368	463368	463665
464665	465078	465078	465628
466628	466924	466924	467538
468538	468809	468809	469769
470769	471087	471087	471534
472534	473070	473070	473374
474374	474645	474645	475003
476003	476279	476279	476757
477757	478030	478030	478598
479598	479874	479874	480174
481174	481673	481673	482261
483261	483608	483608	484297
485297	485706	485706	486564
487564	487961	487961	488779
489779	490194	490194	490744
491744	492116	492116	492422
493422	493964	493964	494886
495886	496161	496161	496514
497514	497832	497832	498191
499191	499494	499494	500105
501105	501376	501376	501950
502950	503224	503224	503793
504793	505103	505103	505638
506638	506912	506912	507784
508785	509099	509099	509451
510451	510802	510802	511464
512464	512736	512736	513318
514318	514589	514589	515099
516099	516382	516382	516737
517738	518021	518021	518369
519369	519660	519660	520071
521071	521343	521343	522067
523067	523503	523503	524117
525117	525553	525553	526032
527032	527360	527360	527772
528772	529044	529044	529618
530618	531316	531316	531627
532627	532995	532995	533610
534610	534933	534933	535231
536231	536623	536623	536944
537944	538226	538226	538839
539839	540113	540113	540682
541682	541955	541955	542531
543531	543802	543802	544372
545372	545644	545644	546218
547218	547493	547493	548062
549062	549599	549599	549989
550989	551456	551456	552407
553407	553678	553678	554164
555164	555526	555526	556174
557175	557588	557588	558049
559049	559479	559479	560094
561094	561534	561534	562144
563145	563434	563434	564051
565052	565586	565586	565978
566978	567299	567299	568305
569305	569582	569582	569891
570891	571168	571168	571449
572449	572973	572973	573519
574520	574791	574791	575371
576371	576646	576646	577272
578272	578544	578544	579058
580058	580414	580414	581066
582066	582424	582424	583418
584419	584691	584691	585039
586039	586353	586353	587053
588053	588336	588336	588949
589949	590222	590222	590797
591797	592070	592070	592628
593628	593963	593963	594652
595652	596060	596060	596881
597881	598314	598314	599134
600135	600550	600550	600826
601826	602167	602167	602782
603782	604408	604408	604683
605683	606142	606142	606780
607780	608052	608052	608588
609588	609859	609859	610467
611467	611739	611739	612616
613616	613887	613887	614465
615465	615738	615738	616306
617306	617579	617579	618152
619152	619425	619425	619996
620996	621270	621270	621804
622804	623153	623153	623869
624869	625218	625218	625833
626833	627106	627106	627955
628955	629228	629228	629520
630520	630949	630949	631431
632431	632841	632841	633660
634660	635094	635094	635709
636709	637129	637129	637716
638716	639048	639048	639600
640600	640892	640892	641522
642522	642793	642793	643178
644178	644496	644496	645195
646196	646467	646467	647037
648037	648350	648350	648710
649710	650387	650387	651032
652033	652306	652306	653187
654187	654601	654601	654875
655876	656153	656153	656565
657565	657846	657846	658411
659411	659683	659683	660253
661253	661527	661527	662100
663100	663376	663376	663944
664945	665220	665220	665787
666787	667109	667109	667725
668725	669208	669208	670028
671028	671461	671461	672076
673076	673467	673467	674052
675052	675627	675627	676286
677286	677558	677558	678076
679076	679349	679349	679758
680758	681042	681042	681355
682355	682636	682636	682995
683995	684266	684266	684836
685836	686110	686110	686650
687650	687922	687922	688525
689525	689796	689796	690367
691367	691639	691639	692182
693182	693454	693454	694139
695140	695411	695411	696826
697827	698104	698104	698751
699751	700203	700203	700507
701507	701780	701780	702353
703353	703678	703678	704190
705190	705571	705571	705980
706980	707414	707414	708029
709029	709463	709463	710150
711150	711424	711424	711880
712880	713150	713150	713724
714724	715022	715022	715297
716297	716618	716618	716893
717893	718163	718163	718642
719643	720175	720175	720790
721790	722061	722061	722719
723719	724033	724033	724424
725424	725707	725707	726322
727322	727594	727594	728169
729169	729448	729448	730010
731010	731289	731289	731855
732855	733131	733131	733622
734622	734926	734926	735541
736541	736812	736812	737361
738361	738658	738658	739537
740537	740860	740860	741545
742545	742959	742959	743574
744574	745008	745008	745624
746624	747039	747039	747727
748728	749051	749051	749647
750647	751012	751012	751602
752602	752873	752873	753289
754289	754575	754575	754893
755893	756166	756166	756747
757747	758028	758028	758589
759590	759900	759900	760502
761502	761888	761888	762514
763515	763815	763815	764510
765510	765787	765787	766503
767503	767810	767810	768421
769421	769692	769692	770366
771366	771662	771662	772099
773099	773370	773370	773951
774951	775222	775222	775573
776573	776849	776849	777220
778220	778512	778512	778795
779796	780337	780337	780951
781951	782384	782384	782998
783998	784314	784314	784896
785896	786169	786169	786722
787722	787996	787996	788591
789591	789920	789920	790229
791229	791515	791515	792089
793089	793362	793362	793639
794639	795036	795036	795648
796648	796923	796923	797596
798596	798871	798871	799148
800148	800420	800420	801038
802038	802317	802317	803015
804015	804285	804285	804714
805714	805985	805985	806308
807308	807640	807640	807916
808916	809497	809497	810092
811092	811361	811361	812038
813038	813352	813352	813626
814626	815008	815008	815296
816296	816572	816572	817147
818147	818421	818421	818989
819989	820261	820261	820917
821917	822606	822606	822879
823879	824170	824170	824513
825513	825824	825824	826370
827370	827641	827641	827938
828938	829223	829223	829495
830495	830798	830798	831078
832078	832353	832353	833009
834011	834322	834322	835018
836018	836330	836330	836688
837688	837964	837964	838340
839340	839617	839617	839944
840944	841217	841217	841602
842602	842873	842873	843178
844178	844464	844464	844772
845772	846102	846102	846437
847437	847740	847740	848352
849352	849687	849687	850296
851296	851610	851610	851934
852934	853209	853209	853870
854870	855144	855144	855719
856719	856990	856990	857563
858563	858870	858870	859180
860180	860529	860529	861188
862188	862472	862472	862745
863745	864109	864109	864597
865597	865873	865873	866448
867448	867722	867722	868041
869041	869329	869329	869943
870943	871280	871280	872196
873196	873474	873474	873842
874842	875112	875112	875685
876685	877003	877003	877276
878276	878640	878640	878948
879948	880218	880218	880875
881875	882149	882149	882733
883733	884003	884003	884542
885542	885819	885819	886115
887115	887392	887392	887753
888754	889083	889083	889386
890386	890701	890701	891331
892331	892605	892605	892967
893967	894243	894243	894810
895812	896139	896139	896433
897433	897708	897708	898287
899287	899560	899560	900131
901131	901408	901408	901758
902758	903404	903404	903946
904946	905224	905224	905965
906965	907296	907296	907568
908568	908846	908846	909118
910119	910452	910452	910780
911780	912057	912057	912411
913413	913726	913726	914357
915357	915632	915632	915993
916993	917323	917323	917939
918940	919266	919266	919951
920951	921429	921429	921701
922701	922977	922977	923621
924621	924972	924972	925287
926287	926561	926561	926841
927841	928151	928151	928579
929579	929862	929862	930423
931423	931697	931697	932060
933060	933389	933389	934004
935004	935337	935337	935932
936932	937202	937202	937482
938482	938763	938763	939106
940106	940379	940379	940730
941730	942002	942002	942352
943352	943623	943623	943988
944988	945261	945261	945625
946625	946900	946900	947269
948269	948609	948609	949141
950141	950769	950769	951402
952402	952716	952716	953416
954416	954780	954780	955069
956069	956364	956364	956707
957707	958038	958038	958584
959584	960207	960207	960921
961921	962222	962222	962495
963495	963787	963787	964197
965197	965468	965468	966243
967243	967574	967574	967884
968884	969366	969366	969923
970924	971242	971242	971545
972545	972908	972908	973243
974243	974530	974530	974882
975882	976167	976168	976517
977518	977815	977815	978152
979152	979435	979435	979771
980771	981066	981066	981400
982400	982679	982679	983479
984479	984756	984756	985034
986034	986385	986385	987088
988088	988363	988363	989012
990012	990291	990291	991110
992110	992381	992381	992851
993851	994124	994124	994471
995471	995777	995777	996125
997125	997400	997400	997764
998764	999039	999039	999688
1000688	1000987	1000987	1001271
1002271	1002558	1002558	1002861
1003861	1004171	1004171	1004824
1005824	1006138	1006138	1006444
1007444	1007757	1007757	1008101
1009101	1009412	1009412	1010113
1011113	1011682	1011682	1011990
1012990	1013300	1013300	1013932
1014932	1015209	1015209	1015878
1016878	1017154	1017154	1017805
1018805	1019472	1019472	1020278
1021278	1021562	1021562	1022123
1023123	1023433	1023433	1023758
1024758	1025053	1025053	1025442
1026442	1026728	1026728	1027341
1028341	1028611	1028611	1028958
1029958	1030228	1030228	1030515
1031515	1031823	1031823	1032148
1033148	1033478	1033478	1034155
1035155	1035434	1035434	1036041
1037041	1037347	1037347	1037961
1038961	1039291	1039291	1039924
1040924	1041198	1041198	1041847
1042847	1043118	1043118	1043467
1044467	1044740	1044740	1045339
1046339	1046617	1046617	1047181
1048181	1048454	1048454	1048774
1049774	1050145	1050145	1050554
1051554	1051824	1051824	1052385
1053385	1053703	1053703	1053976
1054976	1055259	1055259	1055886
1056886	1057303	1057303	1057578
1058578	1058852	1058852	1059452
1060453	1060783	1060783	1061089
1062089	1062370	1062370	1062728
1063728	1063999	1063999	1064669
1065669	1065944	1065944	1066514
1067514	1068250	1068250	1068523
1069523	1069798	1069798	1070369
1071369	1071640	1071640	1072224
1073224	1073552	1073552	1074080
1075080	1075409	1075409	1075720
1076720	1077046	1077046	1077353
1078353	1078667	1078667	1078946
1079946	1080320	1080320	1080629
1081629	1081957	1081957	1082230
1083230	1083505	1083505	1083778
1084778	1085051	1085051	1085639
1086639	1086910	1086910	1087544
1088544	1088814	1088814	1089118
1090118	1090429	1090429	1091062
1092062	1092391	1092391	1093005
1094005	1094280	1094280	1094727
1095728	1096006	1096006	1096656
1097656	1098310	1098310	1098617
1099617	1099949	1099949	1100252
1101252	1101530	1101530	1102195
1103195	1103505	1103505	1104138
1105138	1105469	1105469	1105775
1106776	1107047	1107047	1107328
1108328	1108657	1108657	1108964
1109964	1110276	1110276	1110602
1111602	1111914	1111914	1112525
1113525	1113861	1113861	1114492
1115492	1115768	1115768	1116716
1117716	1118037	1118037	1118668
1119668	1119999	1119999	1120631
1121631	1121943	1121943	1122577
1123577	1123849	1123849	1124503
1125504	1125829	1125829	1126193
1127193	1127469	1127469	1128162
1129162	1129434	1129434	1130041
1131042	1131311	1131311	1131668
1132668	1132941	1132941	1133213
1134213	1134545	1134545	1134850
1135850	1136124	1136124	1136694
1137694	1138431	1138431	1138775
1139775	1140068	1140068	1140629
1141630	1141908	1141908	1142422
1143422	1143691	1143691	1144264
1145264	1145536	1145536	1146098
1147098	1147436	1147436	1147743
1148743	1149013	1149013	1149656
1150656	1150930	1150930	1151519
1152519	1152789	1152789	1153370
1154370	1154701	1154701	1155074
1156074	1156380	1156380	1157054
1158054	1158717	1158717	1159407
1160407	1160684	1160684	1161334
1162334	1162609	1162609	1163193
1164193	1164467	1164467	1165037
1166037	1166309	1166309	1166710
1167710	1167984	1167984	1168341
1169342	1169620	1169620	1169986
1170986	1171586	1171586	1172130
1173130	1173415	1173415	1173768
1174768	1175045	1175045	1175406
1176406	1176676	1176676	1177039
1178039	1178492	1178492	1178794
1179794	1180077	1180077	1180665
1181665	1181935	1181935	1182512
1183512	1183785	1183785	1184375
1185376	1185724	1185724	1186239
1187240	1187530	1187530	1188244
1189244	1189520	1189520	1190190
1191190	1191463	1191463	1192051
1193051	1193338	1193338	1193643
1194643	1195000	1195000	1195633
1196633	1197166	1197166	1197849
1198849	1199124	1199124	1199725
1200725	1201119	1201119	1201679
1202679	1202951	1202951	1203654
1204654	1204928	1204928	1205544
1206544	1206832	1206832	1207106
1208106	1208392	1208392	1208999
1209999	1210269	1210269	1210573
1211573	1211846	1211846	1212208
1213208	1213480	1213480	1214187
1215187	1215457	1215457	1216078
1217078	1217350	1217350	1217705
1218705	1218978	1218978	1219270
1220270	1220599	1220599	1221010
1222010	1222340	1222340	1222702
1223702	1223980	1223980	1224678
1225678	1225955	1225955	1226619
1227620	1227898	1227898	1228277
1229277	1229547	1229547	1229897
1230897	1231170	1231170	1231549
1232549	1232819	1232819	1233157
1234157	1234427	1234427	1234995
1235995	1236266	1236266	1236620
1237620	1237893	1237893	1238250
1239250	1239532	1239532	1239886
1240886	1241157	1241157	1241522
1242522	1242793	1242793	1243421
1244421	1244707	1244707	1245318
1246318	1246627	1246627	1246987
1247987	1248257	1248257	1248622
1249622	1249970	1249970	1250244
1251244	1251534	1251534	1252220
1253220	1253497	1253497	1253992
1254993	1255263	1255263	1255563
1256563	1256837	1256837	1257204
1258204	1258475	1258475	1258826
1259826	1260101	1260101	1260467
1261467	1261739	1261739	1262113
1263113	1263688	1263688	1263961
1264961	1265232	1265232	1265594
1266594	1266870	1266870	1267232
1268232	1268697	1268697	1269008
1270008	1270318	1270318	1270949
1271949	1272219	1272219	1272892
