282114	282468	282468	282759
283759	284030	284030	284710
285710	285988	285988	286528
287528	287801	287801	288171
289171	289443	289443	289934
290934	291208	291208	292088
293088	293398	293398	294100
295100	295550	295550	295834
296834	297443	297443	297726
298726	299046	299046	299354
300354	300702	300702	301448
302448	302887	302887	303705
304705	305141	305141	305628
306629	306901	306901	307455
308455	308733	308733	309285
310285	310563	310563	311143
312144	312420	312420	313065
314065	314394	314394	315076
316076	316364	316364	316981
317981	318513	318513	318903
319903	320360	320360	320666
321666	322067	322067	322666
323666	323941	323941	324960
325960	326235	326235	326896
327896	328208	328208	328560
329560	329861	329861	330164
331164	331505	331505	332159
333160	333441	333441	333878
334878	335156	335156	335819
336819	337216	337216	337813
338813	339464	339464	340294
341294	341705	341705	342190
343190	343464	343464	343964
344964	345271	345271	345845
346845	347117	347117	347681
348682	349021	349021	349663
350663	351032	351032	351702
352703	352975	352975	353604
354604	354939	354939	355619
356619	356926	356926	357541
358541	358813	358813	359385
360386	360695	360695	361507
362507	362782	362782	363376
364376	364773	364773	365386
366386	366758	366758	367370
368371	368643	368643	369216
370216	370489	370489	371060
372060	372385	372385	372895
373895	374242	374242	374993
375993	376427	376427	377042
378042	378474	378474	378963
379963	380277	380277	380585
381585	381978	381978	382711
383711	383987	383987	384661
385662	385996	385996	387048
388048	388320	388320	388881
389881	390195	390195	390807
391807	392082	392082	392757
393757	394060	394060	394718
395718	395995	395995	396562
397562	397839	397839	398406
399406	399677	399677	400225
401225	401560	401560	402094
403095	403619	403619	404552
405552	405864	405864	406199
407199	407488	407488	407929
408929	409256	409256	409664
410664	411014	411014	411761
412761	413195	413195	413811
414811	415244	415244	415733
416733	417005	417005	417761
418761	419037	419037	419914
420914	421223	421223	421534
422535	422846	422846	423601
424601	424876	424876	425752
426752	427063	427063	427370
428370	428683	428683	429382
430382	430670	430670	431366
432366	432685	432685	433378
434378	434663	434663	435360
436360	436674	436674	437371
438371	438656	438656	439277
440277	440551	440551	441115
442115	442427	442427	442790
443790	444064	444064	444800
445801	446125	446125	447252
448252	448734	448734	449555
450555	450989	450989	451601
452601	452873	452873	453713
454713	455024	455024	455579
456579	457037	457037	457638
458638	458932	458932	459548
460548	460824	460824	461746
462746	463095	463095	463665
464665	465078	465078	465634
466634	466925	466925	467538
468538	468812	468812	469769
470769	471087	471087	472144
473144	473416	473416	473998
474998	475610	475610	476010
477010	477288	477288	477680
478681	478989	478989	479603
480603	480878	480878	481159
482159	482585	482585	482892
483892	484291	484291	484576
485576	486115	486115	486730
487731	488165	488165	488779
489779	490194	490194	490476
491476	491751	491751	492116
493116	493393	493393	494272
495272	495544	495544	496178
497178	497520	497520	497832
498832	499182	499182	499797
500797	501070	501070	501641
502641	502914	502914	503485
504485	504843	504843	505638
506638	506915	506915	507784
508785	509099	509099	509797
510797	511110	511110	511751
512751	513027	513027	513623
514623	514894	514894	515376
516376	516654	516654	517015
518015	518289	518289	518647
519648	519969	519969	520379
521379	521656	521656	522477
523477	523913	523913	524530
525530	525963	525963	526355
527355	527772	527772	528054
529054	529325	529325	530011
531011	531316	531316	532077
533077	533352	533352	533928
534928	535231	535231	535941
536941	537235	537235	537915
538915	539199	539199	539762
540763	541034	541034	541608
542608	542882	542882	543451
544451	544723	544723	545297
546297	546571	546571	547140
548140	548411	548411	548984
549984	550513	550513	551065
552065	552442	552442	553292
554292	554563	554563	554892
555892	556166	556166	556691
557692	558114	558114	558865
559865	560300	560300	560914
561914	562350	562350	562841
563841	564116	564116	564664
565664	565978	565978	566293
567293	567613	567613	568305
569305	569582	569582	570587
571587	571904	571904	572188
573188	573465	573465	573895
574895	575167	575167	575647
576647	576919	576919	577580
578580	578853	578853	579409
580409	580736	580736	581419
582419	582705	582705	583743
584743	585039	585039	585346
586346	586753	586753	587358
588358	588644	588644	589256
590256	590527	590527	591106
592106	592628	592628	593678
594678	595243	595243	595651
596651	597085	597085	597496
598496	598931	598931	599545
600545	600826	600826	601187
602187	602474	602474	603089
604089	604408	604408	605244
606244	606521	606521	607089
608089	608360	608360	608866
609866	610167	610167	610772
611772	612046	612046	612685
613685	613959	613959	614465
615465	615739	615739	616306
617306	617580	617580	618152
619152	619428	619428	619996
620996	621272	621272	621816
622816	623153	623153	623877
624877	625218	625218	625833
626833	627109	627109	627955
628955	629228	629228	629822
630822	631217	631217	631713
632714	633253	633253	634071
635071	635507	635507	636119
637119	637406	637406	638127
639127	639403	639403	639974
640974	641253	641253	641898
642898	643178	643178	643771
644771	645195	645195	645538
646538	646810	646810	647346
648346	648710	648710	649048
650048	650428	650428	651032
652033	652306	652306	653187
654187	654605	654605	655155
656155	656565	656565	657163
658163	658436	658436	659023
660023	660298	660298	660872
661872	662143	662143	662715
663715	663988	663988	664557
665558	665832	665832	666404
667404	667725	667725	668391
669391	669822	669822	670439
671439	671873	671873	672486
673486	673777	673777	674372
675372	675671	675671	676366
677366	677637	677637	678076
679076	679352	679352	680042
681042	681355	681355	682048
683048	683328	683328	683919
684919	685193	685193	685758
686759	687036	687036	687606
688606	688881	688881	689446
690446	690718	690718	691294
692294	692570	692570	693137
694138	694412	694412	694987
695987	696826	696826	697436
698436	698751	698751	699511
700511	700786	700786	701434
702434	702706	702706	703275
704275	704962	704962	705605
706605	707006	707006	707619
708619	709056	709056	709874
710874	711157	711157	711880
712880	713154	713154	713724
714725	715022	715022	715735
716735	717030	717030	717756
718756	719048	719048	719649
720649	721101	721101	721714
722714	723027	723027	723725
724725	725039	725039	725400
726400	726672	726672	727244
728244	728516	728516	729088
730088	730361	730361	730931
731932	732202	732202	732774
733774	734045	734045	734595
735595	735867	735867	736467
737467	737740	737740	738629
739629	739903	739903	740247
741247	741540	741540	741937
742937	743367	743367	743982
744982	745416	745416	746031
747031	747449	747449	748045
749045	749371	749371	749925
750925	751212	751212	751602
752602	752877	752877	753573
754573	754850	754850	755208
756208	756480	756480	757037
758037	758318	758318	758894
759894	760219	760219	760882
761882	762230	762230	762514
763515	763816	763816	764510
765510	765787	765787	766527
767527	767810	767810	768421
769421	769695	769695	770372
771373	771662	771662	772384
773384	773951	773951	774568
775568	775875	775875	776220
777220	777526	777526	778284
779284	779722	779722	780132
781132	781567	781567	782179
783179	783472	783472	783960
784960	785233	785233	785717
786717	786988	786988	787309
788310	788592	788592	789223
790223	790768	790768	791169
792169	792440	792440	793094
794094	794369	794369	795037
796037	796317	796317	796897
797897	798228	798228	798879
799879	800150	800150	800763
801763	802035	802035	802707
803707	803981	803981	804263
805264	805536	805536	805985
806985	807313	807313	807922
808922	809497	809497	810092
811092	811367	811367	812038
813038	813352	813352	813635
814635	815009	815009	815614
816614	816884	816884	817463
818463	818733	818733	819296
820296	820567	820567	821222
822222	822636	822636	823167
824168	824513	824513	825101
826101	826371	826371	826947
827947	828217	828217	828912
829913	830225	830225	830798
831798	832077	832077	832391
833391	833666	833666	834322
835322	835774	835774	836331
837331	837695	837695	837980
838980	839349	839349	839951
840952	841222	841222	841906
842906	843601	843601	843883
844883	845155	845155	845435
846435	846779	846779	847107
848107	848380	848380	848745
849745	850018	850018	850603
851603	851934	851934	852240
853240	853515	853515	854165
855166	855446	855446	856026
857027	857299	857299	857867
858868	859180	859180	859572
860572	860882	860882	861534
862534	862811	862811	863819
864819	865095	865095	865850
866850	867120	867120	867734
868734	869006	869006	869636
870636	870909	870909	871280
872280	872551	872551	873201
874201	874478	874478	875117
876117	876390	876390	877003
878003	878282	878282	878640
879640	879913	879913	880482
881482	881825	881825	882419
883419	883690	883690	884268
885268	885590	885590	886122
887122	887395	887395	887753
888753	889083	889083	889386
890386	890701	890701	891331
892333	892608	892608	892967
893968	894243	894243	894810
895810	896139	896139	896755
897755	898030	898030	898594
899594	899864	899864	900410
901410	901680	901680	902035
903035	903425	903425	903956
904956	905229	905229	905965
906965	907296	907296	907886
908886	909158	909158	909852
910852	911129	911129	911785
912785	913080	913080	913726
914726	915054	915054	915643
916643	916998	916998	917603
918603	918944	918944	919266
920266	920578	920578	920952
921952	922336	922336	922618
923618	923962	923962	924282
925282	925593	925593	926187
927187	927598	927598	928151
929151	929500	929500	930141
931142	931429	931429	931713
932713	933389	933389	934004
935004	935337	935337	935939
936939	937210	937210	937761
938762	939038	939038	939389
940389	940659	940659	941009
942009	942281	942281	942630
943630	943902	943902	944266
945266	945536	945536	945903
946903	947178	947178	947542
948543	948818	948818	949148
950149	950769	950769	951402
952402	952716	952716	953428
954428	954780	954780	955372
956372	956707	956707	957314
958315	958586	958586	959297
960297	960614	960614	961218
962218	962492	962492	963225
964225	964506	964506	965063
966063	966333	966333	967065
968065	968338	968338	968623
969623	969897	969897	970244
971244	971545	971545	972175
973175	973445	973445	973804
974804	975075	975075	975438
976438	976709	976709	977079
978079	978349	978349	978700
979700	979970	979970	980321
981321	981594	981594	981944
982944	983479	983479	984484
985484	985757	985757	986385
987385	987734	987734	988349
989349	989741	989741	990306
991306	991625	991625	992177
993177	993466	993466	994078
995078	995359	995359	995858
996858	997134	997134	997764
998764	999039	999039	999688
1000688	1000988	1000988	1001561
1002561	1002861	1002861	1003495
1004495	1004824	1004824	1005439
1006440	1006752	1006752	1007449
1008449	1008719	1008719	1009412
1010412	1010722	1010722	1011682
1012682	1012994	1012994	1013300
1014300	1014581	1014581	1015215
1016215	1016514	1016514	1017107
1018107	1018380	1018380	1018812
1019812	1020278	1020278	1020558
1021558	1021830	1021830	1022123
1023123	1023433	1023433	1024049
1025049	1025443	1025443	1026059
1027059	1027344	1027344	1027956
1028956	1029266	1029266	1029576
1030576	1030849	1030849	1031522
1032522	1032856	1032856	1033478
1034478	1034788	1034788	1035422
1036422	1036696	1036696	1037347
1038347	1038617	1038617	1039291
1040291	1040567	1040567	1041146
1042146	1042460	1042460	1043095
1044095	1044419	1044419	1045032
1046032	1046302	1046302	1046877
1047877	1048187	1048187	1048780
1049780	1050146	1050146	1050761
1051761	1052071	1052071	1052665
1053666	1053937	1053937	1054253
1055254	1055536	1055536	1055892
1056892	1057307	1057307	1057862
1058862	1059148	1059148	1059849
1060849	1061122	1061122	1061881
1062881	1063151	1063151	1063432
1064432	1064701	1064701	1065257
1066257	1066527	1066527	1067126
1068126	1068396	1068396	1068808
1069808	1070348	1070348	1070912
1071912	1072224	1072224	1072853
1073853	1074130	1074130	1075178
1076178	1076450	1076450	1077046
1078046	1078358	1078358	1078953
1079953	1080320	1080320	1081253
1082253	1082528	1082528	1082877
1083878	1084149	1084149	1084720
1085720	1086003	1086003	1086561
1087561	1087836	1087836	1088503
1089503	1089837	1089837	1090435
1091435	1091762	1091762	1092391
1093391	1093704	1093704	1094185
1095185	1095667	1095667	1096381
1097381	1097668	1097668	1098346
1099346	1099623	1099623	1100252
1101252	1101531	1101531	1102195
1103195	1103505	1103505	1104138
1105138	1105469	1105469	1106081
1107081	1107357	1107357	1107688
1108688	1108964	1108964	1109271
1110271	1110601	1110601	1110910
1111911	1112238	1112238	1112535
1113535	1113861	1113861	1114492
1115492	1115769	1115769	1116733
1117733	1118037	1118037	1118668
1119668	1119999	1119999	1120631
1121631	1121943	1121943	1122577
1123577	1123849	1123849	1124503
1125504	1125829	1125829	1126201
1127201	1127472	1127472	1128179
1129179	1129448	1129448	1130041
1131042	1131315	1131315	1131965
1132966	1133241	1133241	1133908
1134908	1135221	1135221	1135506
1136506	1136778	1136778	1137699
1138699	1139055	1139055	1139632
1140632	1140902	1140902	1141502
1142502	1142772	1142772	1143342
1144342	1144614	1144614	1145121
1146121	1146803	1146803	1147086
1148086	1148672	1148672	1148995
1149995	1150301	1150301	1150917
1151917	1152191	1152191	1152756
1153756	1154068	1154068	1154702
1155702	1156077	1156077	1156709
1157709	1158060	1158060	1158781
1159781	1160052	1160052	1160638
1161638	1161967	1161967	1162579
1163579	1163849	1163849	1164393
1165393	1165667	1165667	1166163
1167163	1167438	1167438	1167803
1168803	1169075	1169075	1169440
1170441	1170713	1170713	1171079
1172080	1172403	1172403	1172953
1173953	1174226	1174226	1174591
1175591	1175867	1175867	1176230
1177230	1177502	1177502	1177865
1178865	1179156	1179156	1179790
1180790	1181063	1181063	1181613
1182613	1182885	1182885	1183460
1184460	1184730	1184730	1185210
1186210	1186525	1186525	1186807
1187807	1188213	1188213	1188880
1189880	1190190	1190190	1190471
1191472	1191742	1191742	1192336
1193336	1193613	1193613	1193995
1194995	1195273	1195273	1195633
1196633	1197166	1197166	1197856
1198856	1199128	1199128	1199725
1200725	1201121	1201121	1201679
1202679	1202951	1202951	1203667
1204667	1204942	1204942	1205544
1206544	1206832	1206832	1207388
1208388	1208999	1208999	1209650
1210650	1210964	1210964	1211578
1212578	1212852	1212852	1213142
1214142	1214442	1214442	1215086
1216086	1216359	1216359	1216716
1217716	1218026	1218026	1218658
1219658	1220192	1220192	1220708
1221708	1222016	1222016	1222702
1223702	1223980	1223980	1224678
1225678	1225960	1225960	1226620
1227620	1227903	1227903	1228565
1229565	1229897	1229897	1230559
1231559	1231869	1231869	1232470
1233470	1233787	1233787	1234420
1235420	1235726	1235726	1236088
1237088	1237363	1237363	1237716
1238716	1238989	1238989	1239343
1240343	1240621	1240621	1240980
1241980	1242704	1242704	1243421
1244421	1244707	1244707	1245321
1246321	1246627	1246627	1247290
1248290	1248622	1248622	1249237
1250237	1250567	1250567	1251493
1252493	1252834	1252834	1253141
1254141	1254456	1254456	1254741
1255741	1256011	1256011	1256391
1257391	1257664	1257664	1258019
1259019	1259295	1259295	1259644
1260644	1260918	1260918	1261290
1262291	1262561	1262561	1262930
1263930	1264200	1264200	1264508
1265508	1265786	1265786	1266142
1267142	1267744	1267744	1268025
1269025	1269296	1269296	1269704
1270704	1270981	1270981	1271602
1272602	1272892	1272892	1273506
