277105	277837	277837	278266
279266	279535	279535	279809
280809	281102	281102	281465
282465	282739	282739	283021
284022	284405	284405	285018
286018	286288	286288	286863
287863	288133	288133	288443
289443	289715	289715	290242
291242	291512	291512	292088
293088	293396	293396	293706
294706	294976	294976	295578
296578	296848	296848	297493
298493	298766	298766	299354
300354	300698	300698	301448
302448	302887	302887	303294
304294	304728	304728	305344
306344	306616	306616	307145
308145	308415	308415	308987
309987	310257	310257	310832
311832	312107	312107	312380
313381	313653	313653	314071
315071	315396	315396	315675
316675	316979	316979	317591
318591	318903	318903	319438
320438	320710	320710	321057
322057	322654	322654	322933
323933	324212	324212	324960
325960	326230	326230	326565
327565	327901	327901	328560
329560	329858	329858	330155
331155	331505	331505	332159
333160	333437	333437	333878
334878	335156	335156	335511
336511	336945	336945	337408
338408	338835	338835	339484
340484	340885	340885	341500
342500	342791	342791	343407
344407	344676	344676	345219
346219	346488	346488	347094
348094	348363	348363	349021
350021	350330	350330	351032
352032	352316	352316	352590
353590	353933	353933	354331
355331	355604	355604	355944
356944	357231	357231	357847
358847	359119	359119	359689
360689	361507	361507	361782
362782	363069	363069	363768
364768	365081	365081	365386
366386	366758	366758	367064
368064	368334	368334	368907
369907	370176	370176	370753
371753	372028	372028	372588
373588	373983	373983	374583
375583	376016	376016	376631
377631	378065	378065	378679
379679	379965	379965	380585
381585	381978	381978	382703
383703	383985	383985	384661
385662	385996	385996	387001
388001	388271	388271	388572
389572	389841	389841	390192
391192	391471	391471	391749
392749	393055	393055	393479
394479	394748	394748	395331
396331	396603	396603	397179
398179	398453	398453	399020
400020	400290	400290	401235
402235	402735	402735	403098
404098	404555	404555	405170
406170	406485	406485	406924
407924	408204	408204	408494
409494	409766	409766	410279
411279	411761	411761	412579
413580	414015	414015	414629
415630	415956	415956	416454
417454	417761	417761	418044
419044	419613	419613	420219
421219	421534	421534	422228
423228	423601	423601	424522
425522	425792	425792	426365
427365	427678	427678	428069
429069	429382	429382	430054
431054	431366	431366	431680
432680	432988	432988	433378
434378	434663	434663	435360
436360	436674	436674	437371
438371	438656	438656	439277
440277	440546	440546	441115
442115	442427	442427	442782
443782	444064	444064	444800
445801	446125	446125	446432
447432	447778	447778	448119
449119	449555	449555	450372
451372	451806	451806	452421
453421	453713	453713	454326
455326	455598	455598	456030
457030	457309	457309	457631
458631	458932	458932	459548
460548	460818	460818	461691
462692	463095	463095	463371
464371	464674	464674	465078
466078	466352	466352	466924
467924	468196	468196	468764
469764	470081	470081	470614
471614	472144	472144	472539
473539	473998	473998	474604
475604	476010	476010	476757
477757	478027	478027	478598
479598	479870	479870	480172
481172	481673	481673	481978
482978	483302	483302	483608
484608	484886	484886	485296
486296	486730	486730	487550
488550	488985	488985	489461
490461	490738	490738	491193
492193	492463	492463	493045
494045	494316	494316	495163
496163	496514	496514	497186
498186	498527	498527	498837
499837	500106	500106	500719
501719	501989	501989	502565
503565	503834	503834	504807
505807	506112	506112	506559
507559	507828	507828	508442
509442	509797	509797	510457
511457	511732	511732	512015
513015	513318	513318	513929
514929	515199	515199	515650
516650	516922	516922	517279
518279	518552	518552	518911
519911	520182	520182	520789
521789	522272	522272	522888
523888	524323	524323	524938
525938	526355	526355	526764
527764	528043	528043	528690
529690	530011	530011	530310
531310	531627	531627	532077
533077	533347	533347	533928
534928	535231	535231	535616
536616	536944	536944	537235
538235	538532	538532	539146
540146	540417	540417	540991
541991	542262	542262	542835
543836	544106	544106	544657
545657	545926	545926	546524
547524	547796	547796	548370
549370	549644	549644	549989
550989	551456	551456	551731
552731	553292	553292	553888
554888	555160	555160	555526
556526	556870	556870	557384
558384	558865	558865	559687
560687	561119	561119	561735
562735	563128	563128	563434
564435	564705	564705	565586
566586	566857	566857	567299
568299	568618	568618	568972
569972	570587	570587	570898
571898	572179	572179	572973
573973	574242	574242	574783
575784	576056	576056	576628
577628	577902	577902	578470
579470	579741	579741	580414
581414	581743	581743	582424
583424	583765	583765	584340
585340	585651	585651	586045
587045	587358	587358	588031
589031	589301	589301	589878
590878	591592	591592	591867
592867	593695	593695	594381
595381	595856	595856	596470
597470	597908	597908	598314
599314	599609	599609	600094
601094	601552	601552	601846
602846	603117	603117	603703
604703	605244	605244	605518
606519	606792	606792	607392
608392	608661	608661	609235
610235	610506	610506	611079
612079	612616	612616	613008
614008	614465	614465	614744
615744	616015	616015	616583
617583	617854	617854	618455
619455	619726	619726	620269
621269	621538	621538	622148
623150	623592	623592	623869
624869	625218	625218	625526
626526	626976	626976	627373
628373	628644	628644	629214
630214	630537	630537	631155
632155	632634	632634	633253
634253	634686	634686	635300
636300	636712	636712	637129
638129	638413	638413	639048
640048	640320	640320	640892
641892	642167	642167	642487
643487	643758	643758	644496
645496	645781	645781	646118
647118	647389	647389	647707
648707	649048	649048	649356
650356	650716	650716	651032
652033	652302	652302	652849
653849	654120	654120	654597
655598	655882	655882	656565
657565	657839	657839	658411
659411	659682	659682	660253
661253	661523	661523	662100
663100	663373	663373	663944
664945	665215	665215	665787
666787	667109	667109	667725
668725	669208	669208	670028
671028	671461	671461	672076
673076	673467	673467	673777
674777	675054	675054	675654
676654	677158	677158	677750
678750	679024	679024	679349
680349	680623	680623	681041
682042	682361	682361	682638
683638	683919	683919	684533
685533	685804	685804	686373
687373	687644	687644	688221
689221	689491	689491	690060
691060	691332	691332	691908
692908	693180	693180	694139
695140	695411	695411	695902
696902	697172	697172	697746
698746	699226	699226	699776
700776	701126	701126	701707
702707	702980	702980	703576
704576	704971	704971	705597
706597	707005	707005	707619
708619	709055	709055	709463
710463	710880	710880	711162
712162	712818	712818	713109
714109	714420	714420	714730
715730	716027	716027	716305
717305	717708	717708	718308
719308	719649	719649	720175
721176	721445	721445	722022
723022	723415	723415	724033
725033	725400	725400	726015
727015	727286	727286	727859
728859	729129	729129	729703
730703	730974	730974	731545
732545	732815	732815	733354
734354	734623	734623	735234
736234	736506	736506	737079
738079	738625	738625	738933
739933	740247	740247	740759
741759	742028	742028	742753
743753	744187	744187	744803
745803	746237	746237	746718
747718	748045	748045	748733
749733	750007	750007	750598
751598	752012	752012	752558
753558	753844	753844	754575
755575	755849	755849	756439
757439	757709	757709	758283
759283	759646	759646	760219
761219	761509	761509	761888
762888	763197	763197	763815
764815	765127	765127	765515
766515	766949	766949	767444
768444	769085	769085	769649
770649	771094	771094	771374
772374	772664	772664	773031
774031	774302	774302	774871
775871	776214	776214	776579
777579	778243	778243	778522
779522	779928	779928	780746
781746	782179	782179	782588
783588	783919	783919	784314
785314	785585	785585	785980
786980	787281	787281	787587
788587	788916	788916	789223
790223	790764	790764	791169
792169	792437	792437	793094
794094	794364	794364	795037
796037	796313	796313	796897
797897	798228	798228	798598
799598	799874	799874	800372
801372	801703	801703	802317
803317	803711	803711	803984
804984	805415	805415	805976
806976	807312	807312	807640
808640	808909	808909	809546
810546	810818	810818	811337
812337	812652	812652	813043
814043	814310	814310	814628
815628	815921	815921	816534
817534	817802	817802	818375
819375	819644	819644	820217
821217	821532	821532	821854
822854	823166	823166	823562
824563	824831	824831	825363
826363	826661	826661	826940
827940	828212	828212	828913
829913	830224	830224	830497
831497	831801	831801	832077
833077	833346	833346	834013
835013	835325	835325	835774
836774	837042	837042	837333
838333	838607	838607	838939
839939	840353	840353	840626
841626	841906	841906	842521
843521	843831	843831	844157
845157	845428	845428	845776
846776	847107	847107	847432
848432	848745	848745	849051
850051	850319	850319	850963
851963	852240	852240	852513
853513	853869	853869	854165
855166	855437	855437	856026
857026	857299	857299	857867
858868	859179	859179	859572
860572	860882	860882	861534
862534	862808	862808	863172
864172	864568	864568	864841
865841	866155	866155	866448
867448	867719	867719	868039
869039	869329	869329	869943
870943	871279	871279	871582
872582	872910	872910	873476
874476	874837	874837	875110
876110	876390	876390	877003
878003	878280	878280	878640
879640	879911	879911	880482
881483	881820	881820	882119
883119	883388	883388	883964
884964	885565	885565	885844
886844	887115	887115	887423
888423	888758	888758	889087
890087	890392	890392	890701
891701	892011	892011	892336
893336	893605	893605	893902
894902	895201	895201	895496
896496	896767	896767	897366
898367	898635	898635	899175
900175	900443	900443	900946
901946	902229	902229	902568
903568	903854	903854	904216
905216	905964	905964	906576
907576	907886	907886	908213
909214	909482	909482	910126
911126	911457	911457	911785
912785	913080	913080	913415
914415	914687	914687	915054
916054	916372	916372	916645
917645	917939	917939	918608
919608	919951	919951	920578
921578	921927	921927	922336
923337	923620	923620	923980
924981	925287	925287	925865
926865	927146	927146	927598
928598	928866	928866	929138
930138	930423	930423	931144
932144	932437	932437	932709
933709	934004	934004	934396
935396	935667	935667	936203
937203	937474	937474	938026
939026	939312	939312	939649
940649	940923	940923	941271
942271	942552	942552	942895
943895	944180	944180	944531
945531	945816	945816	946171
947171	947462	947462	947810
948810	949093	949093	949458
950458	950769	950769	951402
952402	952714	952714	953142
954142	954411	954411	954780
955780	956072	956072	956364
957365	957634	957634	958312
959312	959603	959603	960207
961207	961482	961482	961857
962857	963224	963224	963807
964807	965080	965080	965734
966734	967064	967064	967337
968337	968609	968609	968886
969886	970231	970231	970539
971539	971888	971888	972431
973431	973719	973719	974071
975071	975348	975348	975699
976699	976987	976987	977337
978337	978609	978609	978962
979962	980234	980234	980583
981583	981861	981861	982205
983205	983480	983480	984483
985483	985756	985756	986385
987385	987734	987734	988007
989007	989741	989741	990291
991291	991625	991625	991897
992897	993168	993168	993770
994770	995307	995307	995579
996579	996850	996850	997131
998131	998402	998402	998683
999683	999985	999985	1000271
1001271	1001548	1001548	1001856
1002856	1003168	1003168	1003495
1004495	1004824	1004824	1005439
1006439	1006752	1006752	1007143
1008143	1008414	1008414	1009108
1010108	1010415	1010415	1010722
1011722	1011990	1011990	1012689
1013689	1013957	1013957	1014550
1015550	1015878	1015878	1016514
1017514	1017805	1017805	1018383
1019383	1019665	1019665	1020278
1021278	1021562	1021562	1021835
1022835	1023128	1023128	1023432
1024433	1024764	1024764	1025054
1026055	1026419	1026419	1026728
1027728	1027998	1027998	1028570
1029570	1029898	1029898	1030206
1031206	1031520	1031520	1031824
1032824	1033150	1033150	1033478
1034478	1034788	1034788	1035063
1036063	1036340	1036340	1036955
1037955	1038285	1038285	1038590
1039590	1039922	1039922	1040226
1041226	1041496	1041496	1042151
1043151	1043467	1043467	1044101
1045101	1045370	1045370	1045929
1046929	1047197	1047197	1047885
1048885	1049192	1049192	1049779
1050779	1051066	1051066	1051650
1052650	1052929	1052929	1053317
1054317	1054646	1054646	1054919
1055919	1056264	1056264	1056849
1057849	1058228	1058228	1058533
1059533	1059849	1059849	1060457
1061457	1061788	1061788	1062143
1063143	1063417	1063417	1063730
1064730	1065003	1065003	1065590
1066590	1066859	1066859	1067432
1068433	1068732	1068732	1069072
1070072	1070385	1070385	1070912
1071912	1072222	1072222	1072547
1073547	1074080	1074080	1075085
1076085	1076414	1076414	1076725
1077725	1078051	1078051	1078358
1079358	1079671	1079671	1079953
1080953	1081253	1081253	1081525
1082525	1082877	1082877	1083187
1084187	1084456	1084456	1085025
1086025	1086304	1086304	1086839
1087839	1088196	1088196	1088824
1089824	1090122	1090122	1090429
1091430	1091762	1091762	1092391
1093391	1093698	1093698	1094176
1095176	1095667	1095667	1095974
1096974	1097303	1097303	1098310
1099310	1099623	1099623	1099949
1100949	1101217	1101217	1101496
1102496	1102829	1102829	1103133
1104133	1104463	1104463	1104771
1105771	1106081	1106081	1106413
1107413	1107688	1107688	1108333
1109333	1109663	1109663	1110276
1111276	1111605	1111605	1111914
1112914	1113230	1113230	1113523
1114523	1114801	1114801	1115410
1116410	1116709	1116709	1117356
1118356	1118668	1118668	1118994
1119994	1120282	1120282	1120631
1121631	1121942	1121942	1122270
1123270	1123538	1123538	1123813
1124813	1125135	1125135	1125662
1126663	1126959	1126959	1127467
1128467	1128820	1128820	1129416
1130416	1130688	1130688	1131270
1132270	1132601	1132601	1132906
1133906	1134218	1134218	1134545
1135546	1135815	1135815	1136365
1137365	1137714	1137714	1138515
1139515	1139786	1139786	1140356
1141357	1141630	1141630	1142115
1143115	1143385	1143385	1143957
1144957	1145225	1145225	1145798
1146798	1147086	1147086	1147436
1148436	1148707	1148707	1148989
1149989	1150301	1150301	1150611
1151611	1151880	1151880	1152449
1153449	1153761	1153761	1154375
1155375	1155706	1155706	1156077
1157077	1157346	1157346	1157712
1158712	1158998	1158998	1159407
1160407	1160677	1160677	1161007
1162007	1162277	1162277	1162886
1163886	1164154	1164154	1164728
1165728	1165996	1165996	1166433
1167434	1167710	1167710	1168068
1169069	1169347	1169347	1169710
1170710	1170984	1170984	1171598
1172598	1172878	1172878	1173222
1174222	1174496	1174496	1174863
1175863	1176136	1176136	1176496
1177496	1177768	1177768	1178478
1179478	1179749	1179749	1180077
1181077	1181345	1181345	1181885
1182885	1183154	1183154	1183760
1184760	1185031	1185031	1185711
1186711	1186982	1186982	1187255
1188255	1188523	1188523	1189185
1190185	1190458	1190458	1190732
1191732	1192051	1192051	1192336
1193336	1193613	1193613	1193995
1194995	1195271	1195271	1195633
1196633	1197166	1197166	1197575
1198575	1198847	1198847	1199419
1200419	1201097	1201097	1201679
1202679	1202950	1202950	1203653
1204653	1204922	1204922	1205237
1206238	1206510	1206510	1206832
1207832	1208115	1208115	1208393
1209393	1209664	1209664	1210278
1211278	1211578	1211578	1211859
1212859	1213131	1213131	1213743
1214743	1215074	1215074	1215690
1216690	1217020	1217020	1217325
1218325	1218657	1218657	1218962
1219962	1220242	1220242	1220708
1221708	1222015	1222015	1222702
1223702	1223980	1223980	1224283
1225283	1225614	1225614	1225922
1226923	1227253	1227253	1227560
1228560	1228877	1228877	1229212
1230212	1230529	1230529	1230854
1231854	1232149	1232149	1232458
1233458	1233786	1233786	1234107
1235108	1235424	1235424	1235809
1236809	1237082	1237082	1237435
1238435	1238713	1238713	1239064
1240064	1240333	1240333	1240701
1241701	1241970	1241970	1242704
1243704	1244034	1244034	1244341
1245341	1245611	1245611	1245982
1246982	1247290	1247290	1247615
1248616	1248930	1248930	1249560
1250560	1250891	1250891	1251537
1252537	1252835	1252835	1253450
1254450	1254726	1254726	1255003
1256004	1256281	1256281	1256654
1257654	1257925	1257925	1258281
1259281	1259558	1259558	1259910
1260910	1261190	1261190	1261555
1262555	1262830	1262830	1263193
1264193	1264502	1264502	1264778
1265778	1266047	1266047	1266411
1267411	1267779	1267779	1268287
1269287	1269703	1269703	1270010
1271010	1271321	1271321	1271906
1272906	1273200	1273200	1273792
