278261	279178	279178	279449
280449	280923	280923	281463
282463	282742	282742	283021
284021	284405	284405	285018
286018	286294	286294	286863
287863	288137	288137	288443
289443	289718	289718	290242
291242	291518	291518	292091
293091	293398	293398	294100
295100	295556	295556	296396
297396	297675	297675	298016
299016	299354	299354	299967
300967	301448	301448	302269
303269	303704	303704	304532
305532	305922	305922	306528
307528	307800	307800	308373
309373	309645	309645	310217
311217	311488	311488	312060
313060	313387	313387	314071
315071	315398	315398	316055
317055	317327	317327	317898
318898	319438	319438	320052
321053	321368	321368	321649
322649	322923	322923	323205
324205	324660	324660	324960
325960	326236	326236	326896
327896	328208	328208	328560
329560	329858	329858	330153
331153	331505	331505	332159
333160	333441	333441	333878
334878	335156	335156	335819
336819	337216	337216	337813
338813	339468	339468	340294
341294	341705	341705	342180
343180	343453	343453	343950
344950	345237	345237	345834
346834	347107	347107	347670
348670	349021	349021	349663
350663	351035	351035	351703
352703	352978	352978	353594
354594	354939	354939	355608
356608	356926	356926	357541
358541	358817	358817	359385
360385	360695	360695	361507
362507	362778	362778	363069
364069	364381	364381	365081
366081	366391	366391	366758
367758	368030	368030	368601
369601	369873	369873	370445
371445	371718	371718	372282
373282	373717	373717	374177
375177	375608	375608	376224
377224	377656	377656	378271
379271	379662	379662	380277
381277	381591	381591	382428
383428	383698	383698	383985
384986	385277	385277	385666
386667	387019	387019	387292
388292	388572	388572	389186
390186	390499	390499	391199
392199	392476	392476	393055
394055	394413	394413	395028
396028	396299	396299	396872
397872	398143	398143	398713
399713	399985	399985	400555
401555	402092	402092	402715
403715	404552	404552	404858
405858	406175	406175	406485
407485	407929	407929	408204
409204	409561	409561	409971
410971	411350	411350	412170
413170	413605	413605	414222
415222	415653	415653	416013
417013	417463	417463	418040
419040	419613	419613	420219
421219	421535	421535	422228
423228	423601	423601	424522
425522	425796	425796	426365
427365	427678	427678	428375
429375	430054	430054	430670
431670	431983	431983	432685
433685	433994	433994	434663
435663	435972	435972	436674
437674	437983	437983	438656
439656	439928	439928	440498
441499	441771	441771	442238
443238	444064	444064	444800
445800	446125	446125	447252
448252	448734	448734	449555
450555	450989	450989	451601
452601	452873	452873	453713
454713	455024	455024	455298
456298	456572	456572	457037
458037	458317	458317	458626
459626	459897	459897	460469
461469	461753	461753	462362
463362	463665	463665	464157
465157	465504	465504	466001
467001	467273	467273	467843
468843	469117	469117	469769
470769	471087	471087	472145
473145	473421	473421	474302
475302	475610	475610	476284
477284	477680	477680	478293
479293	479621	479621	480168
481168	481673	481673	482261
483261	483609	483609	484294
485295	485706	485706	486538
487538	487961	487961	488779
489779	490194	490194	490742
491742	492116	492116	493037
494037	494310	494310	495158
496159	496514	496514	497186
498186	498527	498527	499182
500182	500455	500455	501025
502026	502296	502296	502872
503872	504148	504148	504877
505877	506149	506149	506864
507864	508140	508140	508792
509792	510105	510105	510802
511802	512077	512077	512702
513702	513974	513974	514548
515548	515826	515826	516191
517191	517475	517475	517822
518822	519100	519100	519462
520462	520855	520855	521334
522334	522888	522888	523709
524709	525143	525143	525758
526758	527039	527039	527772
528772	529047	529047	529618
530618	531316	531316	532077
533077	533352	533352	533928
534928	535231	535231	535939
536939	537233	537233	537611
538611	538885	538885	539454
540454	540726	540726	541300
542300	542573	542573	543107
544107	544378	544378	544929
545929	546218	546218	546833
547833	548104	548104	548678
549678	549989	549989	550513
551513	551787	551787	552407
553407	553681	553681	554159
555159	555526	555526	555897
556898	557180	557180	557656
558656	559069	559069	559687
560687	561119	561119	561735
562735	563129	563129	563745
564745	565019	565019	565634
566634	566907	566907	567613
568613	568972	568972	569582
570582	570898	570898	571174
572174	572454	572454	573244
574244	574518	574518	575054
576055	576348	576348	576903
577903	578196	578196	578782
579782	580061	580061	580736
581736	582072	582072	582705
583705	584034	584034	584648
585648	586045	586045	586753
587753	588031	588031	588644
589644	589921	589921	590488
591488	591765	591765	592135
593136	593759	593759	594381
595381	595856	595856	596470
597470	597908	597908	598725
599726	600018	600018	600550
601550	601846	601846	602473
603474	603749	603749	604408
605408	605693	605693	606414
607414	607700	607700	608007
609007	609279	609279	609851
610851	611122	611122	611697
612697	613008	613008	613809
614809	615084	615084	615383
616383	616654	616654	617228
618228	618501	618501	619071
620071	620351	620351	620919
621919	622191	622191	622809
623809	624080	624080	624579
625579	625850	625850	626451
627451	627955	627955	628599
629599	629923	629923	630435
631435	631706	631706	632020
633020	633660	633660	634479
635479	635915	635915	636393
637393	637716	637716	638413
639413	639687	639687	640282
641282	641554	641554	642172
643172	643488	643488	644496
645496	645781	645781	646423
647423	647710	647710	648352
649352	649713	649713	650430
651431	651718	651718	652265
653265	653538	653538	654109
655109	655603	655603	656155
657155	657492	657492	658101
659101	659376	659376	659913
660913	661184	661184	661791
662792	663064	663064	663634
664634	664905	664905	665476
666476	666801	666801	667313
668313	668796	668796	669208
670208	670641	670641	671257
672257	672691	672691	673169
674169	674442	674442	675007
676007	676335	676335	677158
678158	678429	678429	678753
679753	680036	680036	680348
681349	681628	681628	682048
683048	683328	683328	683919
684919	685193	685193	685758
686758	687036	687036	687604
688605	688881	688881	689446
690446	690718	690718	691292
692293	692570	692570	693134
694134	694412	694412	694987
695987	696826	696826	697436
698436	698751	698751	699501
700501	700782	700782	701126
702126	702397	702397	702918
703918	704190	704190	704962
705962	706392	706392	707210
708210	708645	708645	709055
710055	710328	710328	710880
711880	712170	712170	712818
713818	714090	714090	714420
715420	715735	715735	716027
717027	717678	717678	717951
718951	719254	719254	719648
720649	721101	721101	721713
722713	723027	723027	723725
724725	725039	725039	725707
726707	726983	726983	727549
728550	728821	728821	729395
730395	730672	730672	731239
732239	732513	732513	733076
734076	734346	734346	734926
735926	736199	736199	736769
737769	738045	738045	738662
739662	739940	739940	740451
741451	741744	741744	742348
743348	743778	743778	744394
745394	745828	745828	746443
747443	747724	747724	748451
749451	749726	749726	750290
751290	751602	751602	752012
753012	753291	753291	753844
754844	755208	755208	755514
756514	756786	756786	757310
758310	758589	758589	759213
760213	760489	760489	760882
761882	762232	762232	762889
763889	764164	764164	764782
765782	766077	766077	766523
767524	767810	767810	768421
769421	769695	769695	770366
771366	771662	771662	772379
773379	773951	773951	774258
775258	775573	775573	775879
776879	777220	777220	777526
778526	778797	778797	779108
780108	780746	780746	781361
782361	782793	782793	783407
784407	784678	784678	785164
786164	786437	786437	786720
787720	787996	787996	788302
789302	789596	789596	789921
790921	791192	791192	791772
792773	793094	793094	793636
794636	795036	795036	795342
796343	796620	796620	797287
798287	798599	798599	799146
800146	800419	800419	801033
802033	802317	802317	803015
804015	804290	804290	805394
806395	806702	806702	806978
807978	808517	808517	808846
809846	810118	810118	810502
811502	811775	811775	812348
813348	813621	813621	813989
814989	815293	815293	815921
816921	817191	817191	817764
818764	819037	819037	819565
820565	820917	820917	821532
822532	822856	822856	823167
824168	824513	824513	825092
826092	826370	826370	826933
827933	828211	828211	828484
829484	829763	829763	830086
831086	831470	831470	831801
832801	833073	833073	833618
834618	835018	835018	835774
836774	837047	837047	837696
838696	838966	838966	839349
840349	840622	840622	840896
841896	842176	842176	842521
843521	843832	843832	844157
845157	845428	845428	846102
847102	847432	847432	848048
849048	849359	849359	849960
850961	851302	851302	851610
852610	852886	852886	853515
854515	854798	854798	855106
856106	856377	856377	856935
857935	858211	858211	858870
859870	860185	860185	860529
861529	861858	861858	862167
863168	863779	863779	864566
865566	865850	865850	866448
867448	867722	867722	868039
869040	869329	869329	869943
870943	871280	871280	872196
873196	873474	873474	874139
875139	875412	875412	876081
877081	877357	877357	877971
878972	879256	879256	879526
880527	880875	880875	881487
882487	882759	882759	883348
884348	884622	884622	885189
886189	886519	886519	886827
887827	888157	888157	888427
889427	889704	889704	890000
891000	891329	891329	891601
892601	892967	892967	893238
894238	894508	894508	895201
896201	896472	896472	897025
898025	898300	898300	898903
899903	900173	900173	900670
901670	901951	901951	902294
903294	903572	903572	903946
904946	905225	905225	905965
906965	907296	907296	907886
908886	909158	909158	909448
910448	910779	910779	911129
912129	912411	912411	912718
913718	914048	914048	914357
915357	915634	915634	915993
916993	917323	917323	917939
918939	919266	919266	919949
920949	921429	921429	921968
922968	923344	923344	923980
924980	925287	925287	925864
926864	927146	927146	927811
928811	929093	929093	929500
930500	930773	930773	931432
932432	932706	932706	933389
934389	934670	934670	935337
936337	936609	936609	936882
937883	938161	938161	938562
939563	939837	939837	940186
941186	941462	941462	941809
942809	943084	943084	943435
944436	944710	944710	945074
946074	946348	946348	946714
947714	947987	947987	948600
949600	949871	949871	950143
951143	951413	951413	951710
952710	953142	953142	953417
954417	954780	954780	955361
956361	956707	956707	957033
958033	958308	958308	958582
959582	960207	960207	960614
961614	961885	961885	962222
963222	963498	963498	963806
964806	965085	965085	965734
966734	967065	967065	967604
968604	968886	968886	969366
970366	970641	970641	970927
971927	972197	972197	972702
973703	973981	973981	974339
975339	975618	975618	975972
976972	977247	977247	977604
978604	978882	978882	979229
980229	980502	980502	980852
981852	982124	982124	982475
983475	983747	983747	984483
985483	985757	985757	986385
987385	987734	987734	988349
989349	989741	989741	990292
991292	991625	991625	992165
993165	993466	993466	994078
995078	995359	995359	995847
996847	997130	997130	997764
998764	999033	999033	999402
1000402	1000691	1000691	1000988
1001988	1002264	1002264	1002558
1003558	1003866	1003866	1004824
1005824	1006138	1006138	1006752
1007752	1008101	1008101	1008712
1009713	1010113	1010113	1010417
1011417	1011694	1011694	1012294
1013295	1013626	1013626	1014241
1015241	1015555	1015555	1016503
1017503	1017804	1017804	1018111
1019112	1019509	1019509	1020278
1021278	1021562	1021562	1022123
1023123	1023433	1023433	1024049
1025049	1025442	1025442	1025769
1026770	1027342	1027342	1027647
1028647	1028958	1028958	1029266
1030266	1030536	1030536	1030818
1031818	1032147	1032147	1032828
1033828	1034155	1034155	1034483
1035483	1035753	1035753	1036340
1037340	1037651	1037651	1037960
1038960	1039291	1039291	1039924
1040924	1041200	1041200	1041847
1042847	1043124	1043124	1043788
1044788	1045059	1045059	1045609
1046609	1046886	1046886	1047574
1048574	1048848	1048848	1049192
1050192	1050555	1050555	1051066
1052066	1052385	1052385	1052929
1053929	1054207	1054207	1054646
1055646	1055920	1055920	1056540
1057540	1057850	1057850	1058228
1059228	1059504	1059504	1060155
1061155	1061601	1061601	1062140
1063140	1063414	1063414	1063730
1064730	1065007	1065007	1065590
1066590	1066861	1066861	1067432
1068432	1068733	1068733	1069072
1070072	1070389	1070389	1070912
1071912	1072224	1072224	1072852
1073853	1074130	1074130	1075148
1076149	1076418	1076418	1077046
1078047	1078358	1078358	1078943
1079944	1080320	1080320	1080629
1081629	1081957	1081957	1082546
1083546	1083818	1083818	1084413
1085413	1085688	1085688	1086253
1087253	1087562	1087562	1088196
1089197	1089468	1089468	1090123
1091123	1091399	1091399	1092068
1093068	1093337	1093337	1093902
1094902	1095175	1095175	1095667
1096667	1096981	1096981	1097609
1098610	1098938	1098938	1099623
1100623	1100896	1100896	1101189
1102189	1102502	1102502	1102829
1103829	1104138	1104138	1104463
1105464	1105775	1105775	1106413
1107413	1107688	1107688	1108333
1109333	1109663	1109663	1110276
1111276	1111606	1111606	1112238
1113239	1113524	1113524	1114184
1115184	1115454	1115454	1116026
1117026	1117356	1117356	1117663
1118663	1118993	1118993	1119280
1120280	1120630	1120630	1120940
1121940	1122269	1122269	1122575
1123576	1123845	1123845	1124213
1125213	1125646	1125646	1125921
1126921	1127195	1127195	1128110
1129110	1129416	1129416	1130041
1131041	1131315	1131315	1131965
1132965	1133237	1133237	1133607
1134607	1134879	1134879	1135221
1136221	1136508	1136508	1136999
1137999	1138438	1138438	1138772
1139772	1140068	1140068	1140628
1141628	1141899	1141899	1142421
1143421	1143695	1143695	1144264
1145264	1145541	1145541	1146098
1147098	1147436	1147436	1148049
1149049	1149380	1149380	1150004
1151004	1151277	1151277	1151793
1152793	1153063	1153063	1153761
1154761	1155074	1155074	1155378
1156378	1156709	1156709	1157054
1158054	1158709	1158709	1158999
1159999	1160328	1160328	1160638
1161638	1161967	1161967	1162579
1163579	1163853	1163853	1164382
1165382	1165663	1165663	1166153
1167153	1167438	1167438	1167797
1168797	1169075	1169075	1169435
1170435	1170713	1170713	1171071
1172071	1172402	1172402	1172674
1173674	1173955	1173955	1174312
1175312	1175593	1175593	1175947
1176947	1177232	1177232	1177584
1178584	1178854	1178854	1179652
1180652	1180998	1180998	1181305
1182305	1182577	1182577	1183147
1184147	1184418	1184418	1184929
1185929	1186218	1186218	1186525
1187525	1188182	1188182	1188488
1189488	1189798	1189798	1190190
1191190	1191467	1191467	1192051
1193051	1193339	1193339	1193640
1194640	1195000	1195000	1195271
1196271	1196637	1196637	1197166
1198166	1198496	1198496	1198803
1199803	1200073	1200073	1201076
1202076	1202347	1202347	1202901
1203902	1204229	1204229	1204537
1205537	1205813	1205813	1206099
1207099	1207387	1207387	1207707
1208707	1209040	1209040	1209650
1210650	1210964	1210964	1211578
1212578	1212855	1212855	1213131
1214131	1214442	1214442	1215074
1216074	1216350	1216350	1216703
1217703	1218026	1218026	1218658
1219658	1220192	1220192	1220693
1221693	1222015	1222015	1222702
1223702	1223980	1223980	1224678
1225678	1225955	1225955	1226619
1227620	1227903	1227903	1228565
1229565	1229897	1229897	1230539
1231540	1231869	1231869	1232455
1233455	1233787	1233787	1234420
1235420	1235726	1235726	1236078
1237078	1237359	1237359	1237705
1238705	1238984	1238984	1239333
1240333	1240621	1240621	1240969
1241969	1242704	1242704	1243421
1244421	1244707	1244707	1245318
1246318	1246627	1246627	1247290
1248290	1248622	1248622	1249237
1250237	1250567	1250567	1250891
1251891	1252220	1252220	1252498
1253498	1253769	1253769	1254259
1255259	1255562	1255562	1255836
1256836	1257120	1257120	1257469
1258470	1258752	1258752	1259093
1260093	1260368	1260368	1260737
1261737	1262013	1262013	1262379
1263379	1263713	1263713	1264227
1265227	1265516	1265516	1265861
1266861	1267149	1267149	1267763
1268763	1269033	1269033	1269313
1270313	1270643	1270643	1270949
1271949	1272222	1272222	1272892
