279178	279721	279721	280100
281100	281395	281395	281733
282733	283007	283007	283483
284484	284757	284757	285323
286324	286595	286595	287167
288167	288443	288443	289069
290069	290339	290339	290856
291857	292128	292128	292700
293700	294100	294100	294826
295826	296396	296396	297010
298010	298464	298464	298748
299748	300172	300172	300635
301635	302064	302064	302680
303680	304113	304113	304934
305934	306225	306225	306843
307843	308134	308134	308680
309680	309951	309951	311143
312144	312415	312415	312698
313698	314071	314071	314394
315394	315675	315675	316364
317364	317635	317635	318513
319513	319787	319787	320362
321362	321643	321643	322067
323067	323667	323667	323945
324946	325234	325234	325560
326560	326896	326896	327203
328203	328560	328560	328853
329853	330127	330127	330500
331500	331818	331818	332159
333160	333441	333441	333878
334878	335156	335156	335819
336819	337213	337213	337813
338813	339464	339464	339862
340862	341296	341296	341909
342909	343181	343181	343677
344677	344949	344949	345557
346557	346831	346831	347399
348399	348669	348669	349326
350326	351032	351032	351337
352337	352608	352608	352929
353929	354331	354331	354624
355624	355944	355944	356317
357317	357590	357590	358153
359153	359454	359454	359985
360985	361507	361507	362459
363459	363768	363768	364074
365074	365386	365386	365779
366779	367064	367064	367678
368678	368953	368953	369523
370524	370796	370796	371368
372368	372691	372691	373203
374203	374583	374583	375403
376403	376839	376839	377453
378453	378885	378885	379277
380277	380585	380585	380972
381972	382428	382428	382983
383983	384271	384271	384661
385661	385996	385996	387051
388051	388324	388324	388881
389881	390192	390192	390499
391499	391770	391770	392050
393050	393479	393479	393765
394765	395038	395038	395618
396618	396891	396891	397484
398484	398756	398756	399329
400329	400600	400600	401321
402321	402742	402742	403935
404935	405209	405209	405930
406930	407201	407201	407929
408929	409254	409254	409664
410664	411009	411009	411761
412761	413195	413195	413811
414811	415244	415244	415721
416721	416995	416995	417761
418761	419032	419032	419613
420613	420883	420883	421223
422223	422846	422846	423601
424601	424872	424872	425442
426442	426713	426713	427063
428063	428375	428375	429075
430075	430360	430360	430975
431975	432372	432372	432988
433988	434355	434355	434966
435966	436365	436365	436979
437979	438350	438350	438964
439964	440239	440239	440806
441806	442120	442120	442508
443508	444064	444064	444800
445801	446125	446125	447252
448252	448734	448734	449350
450350	450782	450782	451191
452191	452485	452485	452788
453788	454058	454058	454596
455596	456030	456030	456304
457304	457584	457584	458015
459015	459287	459287	459854
460854	461127	461127	461749
462749	463095	463095	463665
464665	465078	465078	465492
466493	466924	466924	467195
468195	468466	468466	469075
470076	470614	470614	470916
471916	472189	472189	472539
473539	473998	473998	474604
475604	476010	476010	476757
477757	478030	478030	478598
479598	479874	479874	480168
481168	481673	481673	482256
483256	483608	483608	484019
485020	485500	485500	485909
486909	487345	487345	487961
488961	489254	489254	489733
490733	491193	491193	491484
492484	493037	493037	493345
494345	494886	494886	495509
496509	496826	496826	497186
498186	498527	498527	498837
499837	500109	500109	500719
501719	501992	501992	502565
503565	503837	503837	504845
505845	506117	506117	506864
507864	508135	508135	508792
509792	510105	510105	510802
511802	512074	512074	512393
513393	513665	513665	514239
515239	515551	515551	515919
516919	517196	517196	517547
518547	518829	518829	519181
520181	520584	520584	521062
522062	522477	522477	523297
524297	524733	524733	525349
526349	526764	526764	527360
528360	528690	528690	529306
530306	530623	530623	531316
532316	532590	532590	532995
533995	534268	534268	534613
535614	535939	535939	536623
537623	537915	537915	538532
539532	539807	539807	540375
541375	541648	541648	542227
543227	543497	543497	544064
545064	545338	545338	545909
546909	547184	547184	547754
548754	549024	549024	549644
550644	550914	550914	551456
552456	552734	552734	553598
554598	554892	554892	555526
556526	556870	556870	557384
558384	558865	558865	559685
560685	561119	561119	561735
562735	563129	563129	563743
564743	565015	565015	565632
566632	566903	566903	567613
568613	568970	568970	569275
570276	570587	570587	571173
572173	572454	572454	573242
574242	574514	574514	575053
576053	576348	576348	576901
577902	578196	578196	578779
579779	580061	580061	580736
581736	582072	582072	582705
583705	584034	584034	584648
585648	586045	586045	586753
587753	588031	588031	588644
589644	589916	589916	590488
591488	591761	591761	592134
593134	593759	593759	594378
595378	595856	595856	596470
597470	597908	597908	598726
599726	600015	600015	600550
601550	601832	601832	602168
603168	603437	603437	604408
605408	605688	605688	606142
607142	607413	607413	607700
608701	608972	608972	609542
610542	610814	610814	611389
612389	612674	612674	613538
614538	614809	614809	615082
616082	616352	616352	616920
617920	618191	618191	618763
619763	620034	620034	620608
621608	621880	621880	622759
623760	624037	624037	624308
625308	625578	625578	626140
627140	627412	627412	628221
629221	629520	629520	630128
631128	631425	631425	631702
632703	633251	633251	633673
634673	635094	635094	635709
636709	637129	637129	637406
638406	638719	638719	639319
640319	640595	640595	641165
642165	642438	642438	642756
643756	644496	644496	644776
645776	646118	646118	646704
647704	648042	648042	648710
649710	650387	650387	650716
651716	651986	651986	652265
653265	653536	653536	654109
655109	655603	655603	655882
656882	657163	657163	657794
658794	659064	659064	659640
660640	660912	660912	661481
662481	662754	662754	663326
664326	664598	664598	665171
666171	666442	666442	667008
668008	668391	668391	668796
669796	670232	670232	670846
671846	672281	672281	672897
673897	674170	674170	674696
675696	676290	676290	676560
677561	677831	677831	678347
679347	679758	679758	680348
681349	681628	681628	682048
683048	683328	683328	683919
684919	685189	685189	685758
686758	687031	687031	687604
688605	688875	688875	689446
690446	690718	690718	691292
692293	692566	692566	693134
694134	694408	694408	694987
695987	696826	696826	697101
698101	698441	698441	699226
700226	700507	700507	700782
701782	702055	702055	702644
703644	703985	703985	704960
705960	706392	706392	706801
707801	708234	708234	708645
709645	709936	709936	710420
711420	711880	711880	712170
713170	713443	713443	714018
715018	715289	715289	715735
716735	717030	717030	717678
718678	719029	719029	719301
720301	720573	720573	721101
722101	722410	722410	723027
724028	724422	724422	724737
725737	726015	726015	726630
727630	727900	727900	728473
729473	729760	729760	730280
731281	731552	731552	732163
733164	733435	733435	734004
735004	735274	735274	735812
736812	737085	737085	737632
738632	738921	738921	739537
740538	740860	740860	741271
742271	742753	742753	743164
744165	744598	744598	745214
746214	746646	746646	747039
748039	748451	748451	749051
750051	750324	750324	751007
752007	752279	752279	752556
753556	753844	753844	754575
755575	755851	755851	756439
757439	757712	757712	758283
759283	759652	759652	760219
761219	761509	761509	762232
763232	763505	763505	764121
765121	765515	765515	765786
766786	767060	767060	767443
768443	769083	769083	769359
770359	770657	770657	771094
772094	772379	772379	772686
773687	773976	773976	774568
775568	775875	775875	776215
777215	777526	777526	777838
778838	779111	779111	779524
780524	780951	780951	781770
782770	783202	783202	783680
784680	784955	784955	785432
786432	786719	786719	787029
788029	788303	788303	788916
789916	790229	790229	790832
791832	792103	792103	792701
793701	794031	794031	794338
795338	795648	795648	796282
797282	797596	797596	797867
798867	799146	799146	799758
800758	801031	801031	801703
802703	803015	803015	803321
804321	804715	804715	805435
806435	806705	806705	807313
808313	808591	808591	809489
810489	810795	810795	811065
812065	812348	812348	812652
813652	813989	813989	814258
815258	815614	815614	816226
817226	817496	817496	818068
819068	819338	819338	819910
820910	821222	821222	821854
822854	823167	823167	823574
824575	824845	824845	825361
826361	826662	826662	827202
828202	828484	828484	828913
829913	830225	830225	830798
831798	832077	832077	832379
833379	833649	833649	834322
835322	835774	835774	836043
837043	837333	837333	837965
838965	839349	839349	839618
840618	840888	840888	841189
842189	842521	842521	842828
843829	844157	844157	844464
845464	845777	845777	846437
847437	847740	847740	848352
849352	849687	849687	850296
851296	851610	851610	851934
852935	853204	853204	853870
854870	855141	855141	855412
856412	856682	856682	857204
858204	858568	858568	859180
860180	860529	860529	860881
861881	862167	862167	862472
863472	863801	863801	864583
865583	865854	865854	866448
867448	867722	867722	868039
869039	869329	869329	869943
870943	871280	871280	872196
873196	873469	873469	873835
874835	875110	875110	875383
876383	876695	876695	877003
878003	878280	878280	878640
879640	879912	879912	880482
881482	881825	881825	882407
883407	883681	883681	884267
885267	885587	885587	886111
887111	887386	887386	887753
888753	889083	889083	889386
890386	890701	890701	891330
892330	892604	892604	892967
893967	894239	894239	894810
895810	896139	896139	896433
897433	897703	897703	898287
899287	899557	899557	900130
901130	901403	901403	901753
902753	903397	903397	903673
904673	904953	904953	905222
906222	906596	906596	907296
908296	908566	908566	908845
909846	910126	910126	910780
911780	912054	912054	912410
913410	913726	913726	914049
915049	915362	915362	915993
916993	917323	917323	917939
918939	919266	919266	919573
920573	920952	920952	921429
922429	922699	922699	923342
924342	924614	924614	924972
925972	926245	926245	926533
927533	927809	927809	928151
929151	929500	929500	929852
930852	931144	931144	931701
932701	933389	933389	933711
934711	935011	935011	935606
936607	936876	936876	937163
938163	938435	938435	938833
939833	940111	940111	940455
941455	941734	941734	942078
943078	943354	943354	943707
944707	944991	944991	945343
946343	946629	946629	946985
947985	948589	948589	948859
949859	950137	950137	950769
951769	952100	952100	952409
953409	953721	953721	954065
955065	955338	955338	955701
956701	957033	957033	957573
958573	958875	958875	959295
960295	960614	960614	961215
962215	962492	962492	962867
963867	964197	964197	964480
965480	965756	965756	966328
967328	967598	967598	967883
968884	969366	969366	969645
970645	970928	970928	971242
972242	972513	972513	972970
973970	974246	974246	974608
975608	975887	975887	976244
977244	977520	977520	977878
978878	979156	979156	979498
980498	980775	980775	981121
982121	982410	982410	982745
983745	984016	984016	984751
985752	986023	986023	986385
987385	987734	987734	988348
989348	989741	989741	990291
991291	991625	991625	992164
993164	993466	993466	994078
995078	995351	995351	995845
996845	997130	997130	997400
998400	998683	998683	998993
999993	1000267	1000267	1000540
1001540	1001856	1001856	1002164
1003164	1003495	1003495	1003864
1004864	1005134	1005134	1005747
1006747	1007143	1007143	1007757
1008757	1009124	1009124	1009717
1010717	1011068	1011068	1011693
1012694	1012995	1012995	1013626
1014626	1014936	1014936	1015554
1016554	1016828	1016828	1017517
1018517	1018812	1018812	1019473
1020473	1020750	1020750	1021199
1022199	1022469	1022469	1022837
1023837	1024108	1024108	1024438
1025438	1025769	1025769	1026420
1027420	1027690	1027690	1028261
1029261	1029576	1029576	1029898
1030898	1031212	1031212	1031824
1032824	1033150	1033150	1033783
1034783	1035059	1035059	1035422
1036422	1036696	1036696	1037345
1038345	1038617	1038617	1038965
1039965	1040243	1040243	1040513
1041513	1041847	1041847	1042460
1043460	1043788	1043788	1044419
1045419	1045692	1045692	1046199
1047199	1047574	1047574	1048187
1049187	1049460	1049460	1049776
1050776	1051066	1051066	1051374
1052374	1052650	1052650	1052929
1053929	1054203	1054203	1054646
1055646	1055916	1055916	1056263
1057264	1057547	1057547	1057851
1058851	1059147	1059147	1059848
1060848	1061119	1061119	1061460
1062460	1062768	1062768	1063138
1064138	1064411	1064411	1064976
1065976	1066246	1066246	1066817
1067817	1068264	1068264	1068796
1069796	1070348	1070348	1070617
1071617	1071915	1071915	1072547
1073547	1074080	1074080	1075085
1076085	1076415	1076415	1077046
1078046	1078358	1078358	1078667
1079667	1079945	1079945	1080320
1081320	1081625	1081625	1081957
1082957	1083226	1083226	1083499
1084499	1084769	1084769	1085332
1086332	1086601	1086601	1087533
1088534	1088810	1088810	1089118
1090118	1090429	1090429	1090757
1091757	1092068	1092068	1092391
1093391	1093704	1093704	1094173
1095173	1095667	1095667	1096381
1097381	1097663	1097663	1098310
1099310	1099623	1099623	1100252
1101252	1101525	1101525	1101887
1102887	1103161	1103161	1103504
1104505	1104774	1104774	1105076
1106076	1106413	1106413	1106683
1107683	1108026	1108026	1108657
1109657	1109969	1109969	1110602
1111602	1111914	1111914	1112521
1113521	1113861	1113861	1114491
1115492	1115763	1115763	1116688
1117688	1118037	1118037	1118361
1119361	1119671	1119671	1119999
1120999	1121278	1121278	1121636
1122636	1122946	1122946	1123218
1124218	1124503	1124503	1124824
1125824	1126140	1126140	1126462
1127462	1128110	1128110	1128411
1129411	1130041	1130041	1130327
1131327	1131668	1131668	1132275
1133275	1133608	1133608	1134218
1135218	1135491	1135491	1135800
1136800	1137101	1137101	1137699
1138699	1139055	1139055	1139352
1140352	1140628	1140628	1140898
1141898	1142168	1142168	1142728
1143728	1143998	1143998	1144572
1145572	1145842	1145842	1146803
1147803	1148073	1148073	1148669
1149669	1149995	1149995	1150301
1151301	1151571	1151571	1152145
1153145	1153418	1153418	1154068
1155068	1155378	1155378	1155707
1156707	1157054	1157054	1157323
1158323	1158735	1158735	1159407
1160407	1160683	1160683	1161334
1162334	1162607	1162607	1163193
1164193	1164463	1164463	1165036
1166036	1166307	1166307	1166706
1167706	1167984	1167984	1168341
1169341	1169616	1169616	1169980
1170981	1171582	1171582	1171856
1172856	1173134	1173134	1173491
1174491	1174765	1174765	1175130
1176130	1176400	1176400	1176765
1177765	1178036	1178036	1178521
1179521	1179790	1179790	1180384
1181384	1181653	1181653	1182153
1183153	1183460	1183460	1184067
1185067	1185696	1185696	1185965
1186965	1187242	1187242	1187531
1188531	1188880	1188880	1189499
1190499	1190772	1190772	1191041
1192041	1192336	1192336	1192608
1193608	1193995	1193995	1194300
1195300	1195633	1195633	1196277
1197277	1197575	1197575	1198114
1199115	1199419	1199419	1199999
1200999	1201365	1201365	1202282
1203282	1203598	1203598	1203923
1204923	1205237	1205237	1205829
1206829	1207105	1207105	1207707
1208707	1209036	1209036	1209650
1210650	1210964	1210964	1211287
1212288	1212583	1212583	1212854
1213854	1214189	1214189	1215074
1216074	1216347	1216347	1216700
1217700	1218026	1218026	1218330
1219330	1220145	1220145	1220422
1221423	1221724	1221724	1222340
1223340	1223673	1223673	1223979
1224979	1225288	1225288	1225614
1226614	1226927	1226927	1227253
1228253	1228565	1228565	1228891
1229891	1230225	1230225	1230854
1231854	1232150	1232150	1232454
1233454	1233787	1233787	1234420
1235420	1235726	1235726	1236075
1237076	1237359	1237359	1237704
1238704	1238983	1238983	1239330
1240331	1240621	1240621	1240967
1241967	1242704	1242704	1243070
1244070	1244341	1244341	1244650
1245650	1245982	1245982	1246284
1247284	1247615	1247615	1247922
1248922	1249237	1249237	1249560
1250560	1250891	1250891	1251541
1252541	1252835	1252835	1253450
1254450	1254731	1254731	1255270
1256270	1256562	1256562	1256920
1257920	1258206	1258206	1258553
1259553	1259829	1259829	1260185
1261185	1261470	1261470	1261825
1262825	1263115	1263115	1263696
1264697	1264976	1264976	1265318
1266318	1266601	1266601	1266949
1267949	1268235	1268235	1268698
1269698	1270010	1270010	1270644
1271644	1271917	1271917	1272188
1273188	1273506	1273506	1273788
