280108	280919	280919	281191
282191	282468	282468	282747
283747	284026	284026	284405
285405	285675	285675	286246
287246	287656	287656	288159
289159	289430	289430	289934
290934	291213	291213	292088
293088	293398	293398	294100
295100	295556	295556	296396
297396	297675	297675	298016
299016	299354	299354	299660
300660	301448	301448	301861
302861	303294	303294	304113
305113	305408	305408	305922
306922	307195	307195	307760
308760	309031	309031	309601
310602	310872	310872	311450
312450	312722	312722	313387
314387	314666	314666	315398
316398	316672	316672	317284
318284	318560	318560	318903
319903	320361	320361	320665
321666	322067	322067	322657
323657	323931	323931	324229
325229	325560	325560	326197
327197	327560	327560	328208
329208	329563	329563	330150
331150	331505	331505	331818
332818	333168	333168	333469
334469	334801	334801	335156
336156	336439	336439	337029
338029	338433	338433	339041
340041	340476	340476	341095
342095	342483	342483	343098
344098	344370	344370	344945
345945	346216	346216	346783
347783	348056	348056	348656
349656	350026	350026	350330
351331	351702	351702	352316
353316	353590	353590	353933
354933	355336	355336	355944
356944	357231	357231	357847
358847	359122	359122	359689
360689	361507	361507	362459
363459	363768	363768	364381
365381	365779	365779	366391
367391	367678	367678	368263
369263	369535	369535	370138
371138	371413	371413	371983
372983	373305	373305	373782
374782	375198	375198	375812
376812	377245	377245	377861
378861	379277	379277	379965
380965	381591	381591	382428
383428	383705	383705	384272
385272	385667	385667	386283
387283	387651	387651	387957
388957	389229	389229	389802
390802	391197	391197	391473
392473	392755	392755	393479
394479	394752	394752	395331
396331	396606	396606	397176
398176	398451	398451	399020
400020	400294	400294	401287
402287	402742	402742	403619
404619	404890	404890	405481
406482	406924	406924	407199
408199	408494	408494	408768
409768	410073	410073	410551
411551	411969	411969	412579
413579	414016	414016	414629
415630	415956	415956	416454
417454	417761	417761	418040
419040	419613	419613	420219
421219	421534	421535	422228
423228	423601	423601	424522
425522	425796	425796	426365
427365	427678	427678	428375
429375	430054	430054	430670
431670	431983	431983	432685
433685	433994	433994	434663
435663	435972	435972	436365
437365	437681	437681	438350
439350	439621	439621	440192
441192	441463	441463	441967
442967	443243	443243	444064
445064	445414	445414	445721
446721	447252	447252	447795
448795	449350	449350	449964
450964	451398	451398	452013
453013	453403	453403	454016
455017	455293	455293	455570
456570	457035	457035	457311
458311	458626	458626	458932
459933	460208	460208	460776
461776	462089	462089	462715
463715	464157	464157	464428
465428	465700	465700	466308
467308	467580	467580	468151
469151	469769	469769	470081
471081	471534	471534	472191
473191	473463	473463	474302
475302	475610	475610	476282
477282	477680	477680	477983
478984	479603	479603	479884
480884	481153	481153	481672
482672	482994	482994	483302
484302	484572	484572	484886
485886	486527	486527	487143
488143	488576	488576	489189
490189	490469	490469	491193
492193	492466	492466	493040
494040	494313	494313	495158
496159	496514	496514	496826
497826	498191	498191	498527
499527	499797	499797	500413
501414	501684	501684	502254
503254	503524	503524	504098
505098	505638	505638	505908
506908	507490	507490	508093
509093	509451	509451	510105
511105	511464	511464	512011
513011	513318	513318	513929
514929	515204	515204	515649
516649	516924	516924	517276
518276	518549	518549	518907
519907	520182	520182	520789
521789	522273	522273	522888
523888	524323	524323	524938
525938	526355	526355	527038
528038	528690	528690	529006
530006	530310	530310	530623
531623	532077	532077	532349
533349	533619	533619	534225
535225	535616	535616	536237
537237	537611	537611	538226
539226	539498	539498	540067
541067	541342	541342	541918
542918	543194	543194	543722
544722	544992	544992	545606
546606	546879	546879	547446
548447	548719	548719	549599
550599	550871	550871	551456
552456	552734	552734	553598
554598	554895	554895	555526
556526	556870	556870	557384
558384	558865	558865	559685
560685	561119	561119	561735
562735	563129	563129	563745
564745	565021	565021	565632
566633	566907	566907	567613
568613	568972	568972	569582
570582	570898	570898	571173
572173	572454	572454	573244
574244	574518	574518	575053
576053	576348	576348	576901
577902	578196	578196	578779
579779	580061	580061	580736
581736	582072	582072	582705
583705	584034	584034	584648
585648	586045	586045	586753
587753	588031	588031	588644
589644	589921	589921	590488
591488	591765	591765	592134
593134	593759	593759	594378
595378	595856	595856	596470
597470	597908	597908	598725
599726	600015	600015	600550
601550	601846	601846	602474
603474	603749	603749	604408
605408	605693	605693	606414
607414	607700	607700	608314
609314	609587	609587	610167
611167	611443	611443	612002
613002	613538	613538	614079
615079	615383	615383	615689
616689	616959	616959	617534
618534	618805	618805	619377
620378	620649	620649	621222
622222	622759	622759	623153
624154	624429	624429	624875
625875	626150	626150	626991
627991	628262	628262	628905
629905	630230	630230	630742
631743	632020	632020	632841
633841	634276	634276	634889
635889	636327	636327	636712
637712	638127	638127	638719
639719	639996	639996	640554
641554	641898	641898	642483
643483	643759	643759	644496
645496	645781	645781	646423
647423	647710	647710	648350
649351	649713	649713	650387
651387	651718	651718	651989
652989	653263	653263	653800
654800	655114	655114	655603
656603	656917	656917	657492
658492	658765	658765	659330
660330	660601	660601	661176
662176	662446	662446	663019
664019	664289	664289	664868
665868	666139	666139	666699
667699	667992	667992	668391
669391	669822	669822	670439
671439	671873	671873	672486
673486	673777	673777	674364
675364	675663	675663	676338
677338	677610	677610	678076
679076	679352	679352	680036
681036	681355	681355	682047
683047	683320	683320	683608
684608	684881	684881	685451
686451	686722	686722	687295
688295	688568	688568	689139
690139	690410	690410	690987
691987	692259	692259	692826
693826	694146	694146	694987
695987	696826	696826	697436
698436	698751	698751	699501
700501	700782	700782	701433
702434	702706	702706	703273
704273	704960	704960	705234
706234	706801	706801	707619
708619	709056	709056	709873
710873	711157	711157	711880
712880	713154	713154	713724
714725	715022	715022	715735
716735	717030	717030	717729
718729	719043	719043	719648
720649	721101	721101	721713
722713	723027	723027	723725
724725	725039	725039	725707
726707	726980	726980	727549
728550	728828	728828	729395
730395	730666	730666	731239
732239	732510	732510	733076
734076	734358	734358	734926
735926	736203	736203	736769
737769	738041	738041	738645
739645	739916	739916	740451
741451	741751	741751	742348
743348	743778	743778	744394
745394	745828	745828	746443
747443	747724	747724	748451
749451	749722	749722	750290
751290	751602	751602	752284
753284	753561	753561	753844
754844	755208	755208	755820
756821	757092	757092	757671
758671	758942	758942	759639
760639	760913	760913	761224
762224	762514	762514	763197
764197	764510	764510	765134
766134	766499	766499	767171
768171	768441	768441	769119
770119	770390	770390	771094
772094	772379	772379	772687
773687	773982	773982	774568
775568	775879	775879	776579
777579	778243	778243	778790
779790	780337	780337	780951
781951	782385	782385	782997
783998	784314	784314	784891
785891	786169	786169	786438
787438	787722	787722	787996
788996	789266	789266	789595
790595	790872	790872	791476
792476	792745	792745	793364
794364	794643	794643	795342
796343	796616	796616	797287
798287	798599	798599	799146
800146	800416	800416	801032
802032	802317	802317	803014
804015	804290	804290	805421
806421	806702	806702	807313
808313	808597	808597	809530
810530	810811	810811	811333
812333	812652	812652	813043
814043	814313	814313	815009
816009	816279	816279	816841
817841	818111	818111	818682
819682	819952	819952	820527
821527	821854	821854	822160
823160	823560	823560	823884
824884	825153	825153	825823
826823	827173	827173	827479
828479	828912	828912	829222
830222	830497	830497	831072
832072	832345	832345	833008
834009	834322	834322	835018
836018	836330	836330	836957
837957	838340	838340	838608
839608	839943	839943	840354
841354	841626	841626	842176
843176	843636	843636	844157
845158	845429	845429	846102
847102	847432	847432	848047
849047	849359	849359	849687
850687	850963	850963	851610
852610	852885	852885	853161
854161	854433	854433	854798
855798	856068	856068	856641
857641	857911	857911	858567
859567	859879	859879	860185
861186	861534	861534	862167
863167	863778	863778	864109
865109	865443	865443	866156
867156	867458	867458	868039
869039	869329	869329	869943
870943	871280	871280	872196
873196	873474	873474	874138
875139	875412	875412	876081
877081	877351	877351	877700
878700	878976	878976	879256
880256	880531	880531	881179
882179	882454	882454	883041
884041	884311	884311	884806
885806	886110	886110	886519
887519	887789	887789	888157
889157	889428	889428	889696
890696	891006	891006	891330
892330	892605	892605	892967
893968	894255	894255	894810
895810	896139	896139	896754
897754	898024	898024	898594
899594	899867	899867	900400
901400	901670	901670	902022
903023	903420	903420	903947
904947	905225	905225	905965
906965	907296	907296	907886
908886	909158	909158	909852
910852	911129	911129	911459
912459	912731	912731	913079
914079	914357	914357	914630
915630	915993	915993	916372
917372	917643	917643	918328
919328	919599	919599	920271
921271	921545	921545	921967
922967	923344	923344	923966
924966	925287	925287	925593
926593	926865	926865	927146
928146	928579	928579	928849
929849	930141	930141	930721
931721	932060	932060	932437
933437	933711	933711	934396
935396	935672	935672	936200
937200	937472	937472	937753
938753	939037	939037	939373
940373	940645	940645	940997
941997	942281	942281	942619
943619	943897	943897	944257
945257	945535	945535	945896
946896	947178	947178	947534
948534	948815	948815	949132
950132	950769	950769	951095
952095	952409	952409	952716
953716	954065	954065	954369
955369	955703	955703	956072
957072	957342	957342	958038
959038	959309	959309	959603
960603	960921	960921	961487
962487	962867	962867	963498
964498	964782	964782	965424
966424	966739	966739	967333
968333	968607	968607	968886
969886	970237	970237	970538
971538	971888	971888	972428
973429	973719	973719	974065
975065	975348	975348	975696
976696	976979	976979	977334
978334	978609	978609	978958
979958	980238	980238	980580
981580	981862	981862	982204
983204	983487	983487	984481
985481	985755	985755	986024
987024	987325	987325	987733
988733	989012	989012	989740
990740	991110	991110	991379
992379	992850	992850	993466
994466	994775	994775	995307
996307	996583	996583	997130
998131	998408	998408	998683
999683	999985	999985	1000268
1001268	1001552	1001552	1002164
1003164	1003495	1003495	1004171
1005172	1005444	1005444	1006137
1007138	1007449	1007449	1008101
1009101	1009412	1009412	1010112
1011113	1011682	1011682	1011990
1012990	1013300	1013300	1013932
1014932	1015209	1015209	1015878
1016878	1017154	1017154	1017805
1018805	1019478	1019478	1020278
1021278	1021562	1021562	1022123
1023123	1023433	1023433	1024048
1025048	1025443	1025443	1026059
1027059	1027344	1027344	1027956
1028956	1029266	1029266	1029576
1030576	1030849	1030849	1031522
1032522	1032850	1032850	1033478
1034478	1034788	1034788	1035421
1036421	1036696	1036696	1037347
1038347	1038617	1038617	1039291
1040291	1040561	1040561	1040842
1041842	1042151	1042151	1042783
1043783	1044101	1044101	1044725
1045725	1046001	1046001	1046566
1047566	1047885	1047885	1048187
1049187	1049465	1049465	1049776
1050776	1051066	1051066	1051647
1052647	1052929	1052929	1053317
1054317	1054646	1054646	1055259
1056259	1056540	1056540	1056845
1057845	1058228	1058228	1058844
1059844	1060155	1060155	1060783
1061783	1062115	1062115	1062409
1063409	1063729	1063729	1063998
1064998	1065267	1065267	1065862
1066862	1067132	1067132	1067728
1068728	1069072	1069072	1069610
1070611	1070912	1070912	1071218
1072218	1072547	1072547	1073133
1074133	1075085	1075085	1075409
1076409	1076725	1076725	1077353
1078353	1078667	1078667	1078943
1079943	1080320	1080320	1080629
1081629	1081957	1081957	1082546
1083546	1083818	1083818	1084413
1085413	1085684	1085684	1086253
1087253	1087562	1087562	1088196
1089196	1089468	1089468	1089837
1090837	1091118	1091118	1091386
1092387	1092698	1092698	1093312
1094312	1094625	1094625	1094997
1095997	1096381	1096381	1096981
1097981	1098317	1098317	1098938
1099938	1100252	1100252	1100577
1101577	1101887	1101887	1102502
1103502	1103836	1103836	1104138
1105138	1105469	1105469	1106081
1107081	1107361	1107361	1108026
1109026	1109298	1109298	1109662
1110662	1110935	1110935	1111279
1112279	1112552	1112552	1112856
1113856	1114184	1114184	1114800
1115800	1116070	1116070	1116727
1117728	1118037	1118037	1118668
1119668	1119999	1119999	1120631
1121631	1121943	1121943	1122575
1123575	1123848	1123848	1124503
1125503	1125829	1125829	1126189
1127189	1127466	1127466	1128140
1129141	1129416	1129416	1130041
1131042	1131315	1131315	1131965
1132965	1133241	1133241	1133908
1134908	1135221	1135221	1135798
1136798	1137101	1137101	1137717
1138717	1139055	1139055	1139621
1140622	1140895	1140895	1141171
1142171	1142441	1142441	1143035
1144035	1144312	1144312	1144841
1145841	1146111	1146111	1146803
1147804	1148078	1148078	1148709
1149709	1149995	1149995	1150301
1151301	1151574	1151574	1152145
1153145	1153423	1153423	1154068
1155068	1155378	1155378	1156077
1157077	1157351	1157351	1158060
1159060	1159407	1159407	1159676
1160677	1161007	1161007	1161642
1162643	1162915	1162915	1163501
1164501	1164771	1164771	1165342
1166342	1166617	1166617	1166979
1167979	1168258	1168258	1168610
1169610	1169890	1169890	1170254
1171254	1171610	1171610	1172130
1173130	1173415	1173415	1173760
1174760	1175045	1175045	1175398
1176398	1176668	1176668	1177034
1178034	1178487	1178487	1178789
1179789	1180077	1180077	1180659
1181659	1181934	1181934	1182512
1183512	1183785	1183785	1184375
1185375	1185730	1185730	1186237
1187237	1187530	1187530	1188181
1189181	1189491	1189491	1189798
1190798	1191073	1191073	1191741
1192741	1193058	1193058	1193339
1194339	1194642	1194642	1195000
1196000	1196320	1196320	1197166
1198166	1198496	1198496	1199111
1200111	1201042	1201042	1201365
1202365	1202638	1202638	1203287
1204287	1204557	1204557	1204842
1205842	1206111	1206111	1206381
1207381	1207707	1207707	1207981
1208982	1209343	1209343	1209958
1210958	1211287	1211287	1211847
1212847	1213131	1213131	1213437
1214437	1215074	1215074	1215343
1216343	1216695	1216695	1217021
1218021	1218330	1218330	1218962
1219962	1220250	1220250	1220692
1221692	1222015	1222015	1222701
1223702	1223980	1223980	1224677
1225678	1225959	1225959	1226619
1227620	1227903	1227903	1228565
1229565	1229897	1229897	1230539
1231539	1231869	1231869	1232150
1233150	1233465	1233465	1233787
1234787	1235059	1235059	1235532
1236532	1236815	1236815	1237163
1238163	1238438	1238438	1238790
1239790	1240062	1240062	1240429
1241429	1241708	1241708	1242066
1243066	1243421	1243421	1244035
1245035	1245315	1245315	1245622
1246622	1246987	1246987	1247615
1248616	1248930	1248930	1249560
1250564	1250891	1250891	1251554
1252554	1252835	1252835	1253450
1254450	1254731	1254731	1255002
1256002	1256276	1256276	1256649
1257649	1257925	1257925	1258278
1259278	1259558	1259558	1259902
1260902	1261190	1261190	1261550
1262551	1262830	1262830	1263188
1264188	1264502	1264502	1265044
1266044	1266324	1266324	1266679
1267679	1267952	1267952	1268287
1269287	1269704	1269704	1270318
1271318	1271590	1271590	1271904
1272904	1273200	1273200	1273788
