281114	281668	281668	282007
283007	283483	283483	283760
284760	285032	285032	285635
286635	286906	286906	287655
288655	288928	288928	289346
290346	290620	290620	291131
292131	292405	292405	293094
294094	294552	294552	295532
296532	296803	296803	297459
298459	298738	298738	299354
300354	300702	300702	301448
302448	302887	302887	303705
304705	305141	305141	305621
306621	306893	306893	307451
308451	308733	308733	309285
310285	310556	310556	311143
312144	312420	312420	313065
314065	314392	314392	314669
315669	316055	316055	316640
317640	317912	317912	318567
319567	319838	319838	320362
321362	321636	321636	322067
323067	323670	323670	324231
325231	325560	325560	325890
326890	327203	327203	327560
328560	328837	328837	329112
330112	330499	330499	330813
331813	332159	332159	332511
333511	333878	333878	334153
335153	335510	335510	336125
337125	337477	337477	338222
339222	339658	339658	340303
341303	341705	341705	342184
343184	343457	343457	343953
344953	345233	345233	345837
346837	347110	347110	347673
348673	349021	349021	349663
350663	351032	351032	351703
352703	352975	352975	353596
354596	354939	354939	355336
356336	356615	356615	356926
357926	358197	358197	358770
359770	360042	360042	360696
361697	362097	362097	362762
363762	364074	364074	364773
365773	366087	366087	366394
367394	367678	367678	368268
369268	369539	369539	370138
371138	371408	371408	371983
372983	373305	373305	373785
374785	375198	375198	375816
376816	377245	377245	377861
378861	379277	379277	379965
380965	381591	381591	381978
382978	383353	383353	383656
384656	384991	384991	385277
386277	386671	386671	387059
388059	388330	388330	388879
389879	390195	390195	390807
391807	392079	392079	392476
393476	393760	393760	394060
395060	395331	395331	395953
396953	397225	397225	397790
398790	399062	399062	399634
400634	401244	401244	401560
402560	402832	402832	403620
404620	404893	404893	405486
406486	406924	406924	407488
408489	408768	408768	409357
410357	410754	410754	411350
412350	412785	412785	413399
414399	414835	414835	415449
416449	416979	416979	417459
418460	418730	418730	419005
420005	420331	420331	420834
421834	422228	422228	422846
423846	424208	424208	424829
425829	426103	426103	426671
427671	428069	428069	428683
429683	430054	430054	430670
431670	431983	431983	432372
433372	433691	433691	434355
435355	435667	435667	435972
436972	437371	437371	437983
438983	439277	439277	439886
440886	441156	441156	441696
442696	442969	442969	443330
444330	444800	444800	445429
446429	447252	447252	447527
448527	449348	449348	449964
450964	451397	451397	452013
453013	453403	453403	454016
455017	455290	455290	455572
456572	457036	457036	457315
458316	458626	458626	459209
460209	460483	460483	461084
462084	462357	462357	462722
463722	464157	464157	464704
465704	466001	466001	466585
467586	467857	467857	468458
469458	469769	469769	470614
471614	472144	472144	472539
473539	473998	473998	474604
475604	476010	476010	476757
477757	478030	478030	478598
479598	479874	479874	480173
481173	481673	481673	482261
483261	483608	483608	484296
485296	485706	485706	486527
487527	487961	487961	488370
489370	489658	489658	490194
491194	491484	491484	491766
492766	493040	493040	493964
494964	495237	495237	495821
496821	497186	497186	497520
498521	498837	498837	499494
500494	500766	500766	501332
502332	502604	502604	503176
504176	504813	504813	505103
506103	506559	506559	507490
508490	508792	508792	509099
510099	510456	510457	511110
512110	512393	512393	513014
514014	514290	514290	514824
515824	516102	516102	516469
517470	517744	517744	518098
519098	519370	519370	519764
520764	521064	521064	521656
522656	523093	523093	523709
524709	525143	525143	525758
526758	527038	527038	527362
528362	528690	528690	529306
530306	530623	530623	531316
532316	532593	532593	533271
534271	534613	534613	534933
535933	536237	536237	536623
537623	537915	537915	538532
539532	539809	539809	540375
541375	541652	541652	542227
543227	543502	543502	544064
545064	545343	545343	545909
546909	547188	547188	547754
548754	549031	549031	549649
550649	550921	550921	551456
552456	552734	552734	553598
554598	554892	554892	555526
556526	556870	556870	557384
558384	558865	558865	559687
560687	561119	561119	561735
562735	563129	563129	563745
564745	565018	565018	565636
566637	566907	566907	567613
568613	568972	568972	569582
570582	570897	570897	571177
572177	572454	572454	573248
574248	574518	574518	575058
576058	576348	576348	576907
577907	578196	578196	578785
579785	580061	580061	580736
581736	582072	582072	582705
583705	584034	584034	584648
585648	586045	586045	586353
587353	587721	587721	588336
589336	589606	589606	590179
591179	591626	591626	592138
593138	593759	593759	594381
595381	595856	595856	596470
597470	597908	597908	598726
599726	600015	600015	600550
601550	601845	601845	602473
603474	603746	603746	604408
605408	605693	605693	606416
607417	607701	607701	608314
609314	609584	609584	610167
611167	611437	611437	612002
613002	613538	613538	614083
615083	615383	615383	615972
616972	617245	617245	617841
618841	619114	619114	619685
620685	620957	620957	621531
622531	622806	622806	623153
624154	624424	624424	624875
625875	626145	626145	626974
627974	628246	628246	628905
629905	630230	630230	630742
631743	632020	632020	632430
633430	633865	633865	634479
635479	635915	635915	636394
637394	637716	637716	638413
639413	639684	639684	640282
641282	641556	641556	642173
643174	643488	643488	644496
645496	645781	645781	646423
647423	647707	647707	648042
649042	649356	649356	649713
650713	651032	651032	651334
652334	652849	652849	653493
654493	654806	654806	655148
656148	656565	656565	656906
657906	658179	658179	658717
659717	659988	659988	660559
661559	661832	661832	662404
663404	663675	663675	664251
665251	665522	665522	666092
667092	667416	667416	668000
669001	669411	669411	670028
671028	671461	671461	672076
673076	673467	673467	674052
675052	675630	675630	676325
677325	677596	677596	678076
679076	679352	679352	680036
681036	681355	681355	681629
682629	682995	682995	683300
684300	684575	684575	685144
686144	686415	686415	686988
687988	688262	688262	688800
689800	690075	690075	690678
691678	691952	691952	692520
693520	694139	694139	694412
695413	695902	695902	696826
697827	698104	698104	698441
699441	699757	699757	700203
701203	701478	701478	702049
703049	703371	703371	703883
704883	705230	705230	705605
706605	707006	707006	707619
708619	709055	709055	709874
710874	711153	711153	711437
712437	712848	712848	713415
714415	714730	714730	715022
716022	716305	716305	716618
717618	717892	717892	718325
719326	719649	719649	720484
721484	721755	721755	722410
723410	723725	723725	724424
725424	725707	725707	726322
727322	727596	727596	728169
729169	729441	729441	730010
731010	731281	731281	731855
732855	733127	733127	733639
734639	734926	734926	735541
736541	736815	736815	737369
738369	738662	738662	739537
740537	740860	740860	741556
742556	742959	742959	743574
744574	745008	745008	745624
746624	747039	747039	747449
748449	748733	748733	749371
750371	750981	750981	751263
752263	752547	752547	752841
753841	754301	754301	754895
755896	756167	756167	756747
757747	758028	758028	758589
759590	759900	759900	760506
761507	761888	761888	762520
763520	763816	763816	764510
765510	765786	765786	766482
767482	767810	767810	768112
769112	769385	769385	770089
771089	771372	771372	771662
772662	773031	773031	773313
774313	774584	774584	775206
776206	776579	776579	776913
777913	778313	778313	778801
779802	780337	780337	780951
781951	782384	782384	782998
783998	784314	784314	785199
786199	786470	786470	787038
788038	788307	788307	788916
789916	790229	790229	790852
791852	792122	792122	792701
793701	794031	794031	794643
795643	796282	796282	796590
797590	797865	797865	798228
799228	799498	799498	800065
801065	801703	801703	802010
803010	803284	803284	803712
804712	805391	805391	805697
806697	806978	806978	807843
808843	809489	809489	809789
810789	811067	811067	811729
812730	813043	813043	813369
814370	814641	814641	815297
816297	816577	816577	817147
818148	818417	818417	818989
819989	820259	820259	820917
821917	822612	822612	823168
824168	824513	824513	824821
825822	826369	826369	826662
827662	827938	827938	828218
829218	829491	829491	829821
830822	831091	831091	831470
832470	833009	833009	833316
834316	835018	835018	835325
836325	836688	836688	836967
837967	838340	838340	838939
839939	840354	840354	840899
841899	842175	842175	842521
843521	843832	843832	844160
845160	845432	845432	846104
847104	847432	847432	847740
848740	849051	849051	849359
850359	850633	850633	851302
852303	852578	852578	852867
853867	854165	854165	854442
855442	855719	855719	856335
857335	857605	857605	858175
859175	859572	859572	859879
860879	861188	861188	861858
862858	863172	863172	863851
864851	865121	865121	865850
866850	867120	867120	867456
868456	868729	868729	869024
870024	870295	870295	870640
871640	872196	872196	872500
873500	873842	873842	874478
875478	875749	875749	876390
877390	877700	877700	878301
879301	879575	879575	880175
881175	881486	881486	881825
882825	883096	883096	883654
884654	884928	884928	885603
886603	886874	886874	887167
888168	888437	888437	888758
889758	890028	890028	890392
891392	891664	891664	892556
893557	893902	893902	894196
895196	895496	895496	895815
896815	897086	897086	897673
898673	898943	898943	899515
900515	900830	900830	901227
902227	902498	902498	902848
903852	904122	904122	904498
905498	905964	905964	906617
907617	907887	907887	908523
909523	909852	909852	910452
911453	911784	911784	912077
913077	913415	913415	913726
914726	915054	915054	915362
916362	916640	916640	916998
917998	918328	918328	918944
919945	920271	920271	920578
921578	921927	921927	922336
923337	923621	923621	923981
924981	925287	925287	925875
926875	927147	927147	927814
928814	929093	929093	929500
930501	930773	930773	931432
932432	932705	932705	933389
934389	934664	934664	935011
936011	936282	936282	936563
937563	937844	937844	938317
939317	939594	939594	939918
940918	941192	941192	941548
942548	942823	942823	943178
944178	944449	944449	944814
945814	946092	946092	946460
947460	947730	947730	948088
949088	949457	949457	949764
950764	951095	951095	951402
952402	952716	952716	953433
954433	954780	954780	955375
956375	956707	956707	957323
958323	958594	958594	959297
960297	960614	960614	961218
962218	962492	962492	963225
964225	964506	964506	965056
966056	966326	966326	966739
967739	968069	968069	968360
969360	969646	969646	970238
971238	971544	971544	971888
972888	973182	973182	973526
974526	974798	974798	975159
976160	976437	976437	976804
977804	978076	978076	978430
979430	979704	979704	980059
981059	981335	981335	981676
982676	982947	982947	983480
984480	984751	984751	985034
986034	986385	986385	986812
987812	988082	988082	988738
989738	990291	990291	991110
992110	992388	992388	993159
994159	994471	994471	994775
995775	996125	996125	996398
997398	997763	997763	998133
999133	999405	999405	999985
1000985	1001271	1001271	1001553
1002555	1002860	1002860	1003169
1004169	1004823	1004823	1005131
1006131	1006444	1006444	1006752
1007752	1008100	1008100	1008406
1009406	1009717	1009717	1010113
1011113	1011682	1011682	1011990
1012990	1013300	1013300	1013932
1014932	1015209	1015209	1015878
1016878	1017150	1017150	1017805
1018805	1019472	1019472	1019745
1020745	1021199	1021199	1021562
1022562	1022838	1022838	1023130
1024130	1024439	1024439	1024764
1025765	1026059	1026059	1026420
1027420	1027695	1027695	1028261
1029261	1029576	1029576	1030206
1031206	1031522	1031522	1032148
1033148	1033478	1033478	1034155
1035155	1035434	1035434	1035728
1036728	1037002	1037002	1037651
1038651	1038965	1038965	1039594
1040595	1040866	1040866	1041455
1042455	1042782	1042782	1043095
1044095	1044419	1044419	1044726
1045726	1045995	1045995	1046567
1047567	1047885	1047885	1048187
1049187	1049465	1049465	1049780
1050780	1051066	1051066	1051651
1052651	1052929	1052929	1053317
1054317	1054646	1054646	1055259
1056259	1056540	1056540	1056850
1057850	1058228	1058228	1058852
1059852	1060155	1060155	1060783
1061783	1062115	1062115	1062417
1063417	1063730	1063730	1064004
1065004	1065285	1065285	1065866
1066866	1067138	1067138	1067728
1068728	1069072	1069072	1069345
1070345	1070616	1070616	1070912
1071912	1072224	1072224	1072853
1073853	1074126	1074126	1075130
1076130	1076415	1076415	1077046
1078046	1078358	1078358	1078945
1079945	1080320	1080320	1080629
1081629	1081957	1081957	1082546
1083547	1083818	1083818	1084108
1085109	1085378	1085378	1085946
1086946	1087534	1087534	1087806
1088806	1089117	1089117	1089424
1090424	1090756	1090757	1091062
1092062	1092391	1092391	1092698
1093698	1093976	1093976	1094448
1095448	1095722	1095722	1096381
1097381	1097668	1097668	1098325
1099325	1099623	1099623	1100252
1101252	1101530	1101530	1102195
1103195	1103505	1103505	1103837
1104837	1105107	1105107	1105468
1106469	1106741	1106741	1107021
1108021	1108332	1108332	1108657
1109657	1109969	1109969	1110602
1111602	1111914	1111914	1112524
1113525	1113861	1113861	1114492
1115492	1115768	1115768	1116704
1117705	1118037	1118037	1118668
1119668	1119999	1119999	1120283
1121283	1121636	1121636	1121943
1122943	1123215	1123215	1123498
1124498	1124827	1124827	1125135
1126135	1126461	1126461	1126743
1127743	1128136	1128136	1128820
1129820	1130102	1130102	1130663
1131663	1131965	1131965	1132275
1133275	1133608	1133608	1134218
1135218	1135494	1135494	1136088
1137088	1137699	1137699	1138431
1139431	1139701	1139701	1140068
1141068	1141360	1141360	1141810
1142810	1143083	1143083	1143650
1144650	1144920	1144920	1145491
1146491	1146803	1146803	1147436
1148436	1148711	1148711	1148990
1149990	1150301	1150301	1150917
1151917	1152186	1152186	1152756
1153756	1154068	1154068	1154702
1155702	1156077	1156077	1156709
1157709	1158058	1158058	1158756
1159756	1160029	1160029	1160638
1161638	1161967	1161967	1162273
1163273	1163543	1163543	1164105
1165105	1165382	1165382	1165886
1166886	1167161	1167161	1167523
1168523	1168801	1168801	1169160
1170161	1170439	1170439	1170799
1171799	1172073	1172073	1172403
1173403	1173676	1173676	1174040
1175040	1175317	1175317	1175678
1176678	1176950	1176950	1177313
1178313	1178583	1178583	1179156
1180156	1180426	1180426	1180998
1181998	1182268	1182268	1182790
1183790	1184068	1184068	1184656
1185656	1185931	1185931	1186240
1187240	1187530	1187530	1188225
1189225	1189505	1189505	1189798
1190798	1191068	1191068	1191437
1192437	1192711	1192711	1193058
1194058	1194332	1194332	1194642
1195642	1196280	1196280	1196638
1197638	1197909	1197909	1198496
1199496	1199766	1199766	1201028
1202028	1202303	1202303	1202590
1203590	1203910	1203910	1204229
1205229	1205544	1205544	1205833
1206833	1207105	1207105	1207707
1208707	1209040	1209040	1209650
1210650	1210964	1210964	1211578
1212578	1212852	1212852	1213131
1214131	1214441	1214441	1215074
1216074	1216350	1216350	1216715
1217715	1218026	1218026	1218658
1219658	1220191	1220191	1220708
1221708	1222016	1222016	1222702
1223702	1223980	1223980	1224678
1225678	1225954	1225954	1226297
1227297	1227573	1227573	1227867
1228867	1229212	1229212	1229504
1230504	1230854	1230854	1231145
1232145	1232418	1232418	1232781
1233781	1234107	1234107	1234721
1235721	1235997	1235997	1236350
1237350	1237633	1237633	1237981
1238981	1239252	1239252	1239616
1240616	1240889	1240889	1241252
1242252	1242704	1242704	1243421
1244421	1244702	1244702	1245040
1246040	1246313	1246313	1246627
1247627	1247922	1247922	1248229
1249229	1249559	1249559	1249969
1250969	1251492	1251492	1251899
1252899	1253169	1253169	1253723
1254723	1254995	1254995	1255276
1256276	1256562	1256562	1256926
1257926	1258206	1258206	1258554
1259555	1259831	1259831	1260191
1261191	1261470	1261470	1261828
1262828	1263115	1263115	1263725
1264725	1265004	1265004	1265319
1266319	1266601	1266601	1266956
1267956	1268235	1268235	1268698
1269698	1270010	1270010	1270644
1271644	1271921	1271921	1272584
