288122	288443	288443	288718
289718	289991	289991	290517
291517	292088	292088	292392
293392	293706	293706	294552
295552	295829	295829	296672
297672	298016	298016	298465
299465	299762	299762	300242
301242	301654	301654	302269
303269	303704	303704	304532
305532	305922	305922	306225
307225	307497	307497	308066
309066	309338	309338	309910
310910	311182	311182	311752
312753	313065	313065	313661
314661	315076	315076	315675
316675	316980	316980	317591
318592	318903	318903	319744
320744	321057	321057	321368
322368	322654	322654	322933
323933	324216	324216	324960
325960	326235	326235	326896
327896	328208	328208	328560
329560	329861	329861	330156
331156	331505	331505	332159
333160	333441	333441	333878
334878	335156	335156	335819
336819	337216	337216	337813
338813	339464	339464	340273
341273	341705	341705	342184
343184	343457	343457	343957
344957	345276	345276	345837
346837	347110	347110	347673
348673	349021	349021	349663
350663	351035	351035	351703
352703	352978	352978	353596
354596	354939	354939	355611
356611	356926	356926	357231
358231	358502	358502	359079
360079	360507	360507	361507
362507	362782	362782	363376
364376	364773	364773	365386
366386	366758	366758	367370
368371	368646	368646	369216
370216	370493	370493	371060
372060	372385	372385	372895
373895	374245	374245	374993
375993	376427	376427	377042
378042	378474	378474	378958
379958	380277	380277	380585
381585	381978	381978	382703
383703	383985	383985	384661
385661	385996	385996	387048
388048	388322	388322	388879
389879	390195	390195	390807
391807	392082	392082	392755
393755	394060	394060	394718
395718	395990	395990	396562
397562	397833	397833	398406
399406	399679	399679	400217
401217	401560	401560	402094
403094	403619	403619	404552
405552	405864	405864	406192
407192	407489	407489	407929
408929	409256	409256	409664
410664	411014	411014	411761
412761	413195	413195	413809
414809	415244	415244	415726
416726	417002	417002	417761
418761	419037	419037	419914
420914	421223	421223	421840
422840	423601	423601	424522
425522	425796	425796	426365
427365	427678	427678	428375
429375	430054	430054	430670
431670	431983	431983	432685
433685	433994	433994	434663
435663	435972	435972	436674
437674	437983	437983	438656
439656	439933	439933	440498
441499	441774	441774	442245
443245	444064	444064	444800
445801	446125	446125	447252
448252	448734	448734	449555
450555	450989	450989	451601
452601	452876	452876	453713
454713	455024	455024	455572
456572	457037	457037	457628
458628	458932	458932	459548
460548	460824	460824	461746
462746	463095	463095	463665
464665	465078	465078	465628
466628	466924	466924	467538
468538	468816	468816	469769
470769	471087	471087	472145
473145	473421	473421	474302
475302	475610	475610	476286
477287	477680	477680	478293
479293	479621	479621	480172
481172	481673	481673	482261
483261	483609	483609	484297
485297	485706	485706	486572
487572	487961	487961	488779
489779	490194	490194	490742
491742	492116	492116	493037
494037	494310	494310	495163
496163	496514	496514	497186
498186	498527	498527	499182
500182	500455	500455	501026
502026	502301	502301	502872
503872	504148	504148	504888
505888	506159	506159	506864
507864	508138	508138	508792
509792	510105	510105	510802
511802	512077	512077	512702
513702	513977	513977	514548
515548	515826	515826	516193
517194	517475	517475	517823
518823	519102	519102	519462
520462	520855	520855	521336
522336	522888	522888	523709
524709	525143	525143	525758
526758	527040	527040	527772
528772	529047	529047	529618
530618	531316	531316	532077
533077	533352	533352	533928
534929	535231	535231	535941
536941	537235	537235	537915
538915	539199	539199	539762
540762	541036	541036	541608
542608	542882	542882	543451
544451	544723	544723	545296
546296	546568	546568	547140
548140	548415	548415	548984
549984	550513	550513	551058
552059	552440	552440	553292
554292	554566	554566	555170
556170	556663	556663	556973
557974	558455	558455	559274
560274	560708	560708	561324
562324	562760	562760	563129
564129	564402	564402	564971
565972	566293	566293	566607
567607	568305	568305	568618
569618	569891	569891	570588
571588	571904	571904	572457
573457	573895	573895	574507
575507	575786	575786	576348
577348	577630	577630	578196
579196	579470	579470	580061
581061	581419	581419	582072
583072	583752	583752	584340
585340	585651	585651	586045
587045	587358	587358	588031
589031	589305	589305	589878
590878	591596	591596	592140
593140	593759	593759	594381
595381	595856	595856	596470
597470	597908	597908	598726
599726	600018	600018	600550
601550	601846	601846	602473
603474	603750	603750	604408
605408	605693	605693	606416
607417	607701	607701	608314
609314	609587	609587	610167
611167	611443	611443	612002
613002	613538	613538	614083
615083	615383	615383	615972
616972	617248	617248	617841
618841	619117	619117	619685
620685	620960	620960	621530
622531	622810	622810	623592
624592	624875	624875	625218
626218	626489	626489	627051
628051	628322	628322	628905
629905	630230	630230	630742
631742	632020	632020	632841
633841	634276	634276	634889
635889	636327	636327	636714
637714	638127	638127	638719
639719	639993	639993	640558
641558	641898	641898	642488
643488	643764	643764	644496
645496	645781	645781	646423
647423	647710	647710	648352
649352	649713	649713	650448
651448	651718	651718	652267
653267	653544	653544	654109
655109	655603	655603	656159
657159	657492	657492	658101
659101	659374	659374	659916
660916	661188	661188	661791
662792	663069	663069	663634
664634	664908	664908	665476
666476	666801	666801	667313
668313	668796	668796	669617
670617	671050	671050	671667
672667	673100	673100	673467
674467	674738	674738	675625
676625	677158	677158	677432
678432	678753	678753	679031
680031	680348	680348	680623
681623	682047	682047	682361
683361	683635	683635	684224
685224	685495	685495	686033
687033	687305	687305	687914
688914	689186	689186	689754
690754	691026	691026	691603
692603	692876	692876	693445
694445	694987	694987	695264
696264	696826	696826	697436
698436	698751	698751	699506
700506	700782	700782	701434
702434	702711	702711	703275
704275	704962	704962	705600
706600	707006	707006	707619
708619	709056	709056	709873
710873	711157	711157	711880
712880	713156	713156	713724
714725	715022	715022	715735
716735	717030	717030	717742
718742	719048	719048	719649
720649	721101	721101	721714
722714	723028	723028	723725
724725	725039	725039	725707
726707	726983	726983	727549
728550	728828	728828	729395
730395	730672	730672	731239
732239	732513	732513	733082
734082	734358	734358	734926
735926	736203	736203	736769
737769	738045	738045	738674
739674	739946	739946	740451
741451	741751	741751	742348
743348	743778	743778	744394
745394	745828	745828	746445
747445	747724	747724	748451
749451	749726	749726	750290
751290	751602	751602	752287
753287	753562	753562	754301
755301	755573	755573	756133
757133	757406	757406	757978
758978	759620	759620	759900
760900	761224	761224	761509
762509	762889	762889	763505
764505	764782	764782	765140
766141	766505	766505	767175
768175	768448	768448	769137
770137	770408	770408	771094
772094	772379	772379	772691
773692	773982	773982	774568
775568	775879	775879	776579
777579	778243	778243	778793
779794	780337	780337	780951
781951	782385	782385	782998
783998	784314	784314	784896
785896	786169	786169	786722
787722	787997	787997	788592
789592	789921	789921	790800
791800	792089	792089	792701
793701	794031	794031	794643
795643	796282	796282	796897
797897	798228	798228	798872
799872	800143	800143	800763
801763	802037	802037	802707
803707	803983	803983	804262
805262	805532	805532	805976
806976	807313	807313	807914
808914	809497	809497	810092
811092	811367	811367	812038
813038	813352	813352	813630
814630	815009	815009	815614
816614	816887	816887	817463
818463	818737	818737	819296
820296	820570	820570	821222
822222	822636	822636	823168
824168	824513	824513	825095
826095	826370	826370	826935
827935	828212	828212	828913
829913	830225	830225	830798
831798	832077	832077	832383
833383	833653	833653	834322
835322	835774	835774	836331
837331	837696	837696	838340
839340	839617	839617	839944
840944	841221	841221	841906
842906	843604	843604	844157
845157	845428	845428	846104
847104	847432	847432	848048
849048	849359	849359	849963
850963	851302	851302	851934
852935	853210	853210	853870
854870	855144	855144	855719
856720	856993	856993	857563
858563	858870	858870	859572
860572	860882	860882	861534
862534	862811	862812	863822
864823	865099	865099	865850
866850	867120	867120	867732
868732	869006	869006	869328
870328	870640	870640	870913
871913	872196	872196	872910
873910	874183	874183	874837
875837	876111	876111	876695
877695	877971	877971	878287
879287	879559	879559	880175
881175	881487	881487	882119
883119	883392	883392	883964
884964	885568	885568	886115
887115	887392	887392	887753
888753	889083	889083	889386
890386	890701	890701	891331
892331	892608	892608	892967
893968	894245	894245	894810
895810	896139	896139	896755
897755	898030	898030	898594
899594	899867	899867	900403
901403	901677	901677	902029
903029	903424	903424	903948
904948	905225	905225	905965
906965	907296	907296	907886
908886	909159	909159	909852
910852	911129	911129	911785
912785	913080	913080	913726
914726	915054	915054	915635
916635	916998	916998	917323
918323	918608	918608	918944
919945	920271	920271	920952
921952	922336	922336	922957
923957	924282	924282	924588
925588	925861	925861	926177
927177	927598	927598	928151
929151	929500	929500	930141
931142	931432	931432	932060
933060	933389	933389	934004
935004	935337	935337	935932
936932	937203	937203	937756
938756	939038	939038	939378
940378	940654	940654	941001
942001	942281	942281	942622
943622	943897	943897	944258
945258	945535	945535	945896
946896	947178	947178	947534
948535	948815	948815	949141
950141	950769	950769	951402
952402	952716	952716	953418
954419	954780	954780	955363
956364	956707	956707	957306
958306	958580	958580	958875
959875	960207	960207	960921
961921	962222	962222	962867
963867	964197	964197	964754
965754	966243	966243	966739
967739	968070	968070	968614
969614	969897	969897	970237
971237	971544	971544	972162
973162	973437	973437	973796
974796	975071	975071	975429
976429	976705	976705	977067
978067	978345	978345	978691
979692	979967	979967	980313
981313	981593	981593	981935
982935	983479	983479	984484
985484	985757	985757	986385
987385	987734	987734	988349
989349	989741	989741	990301
991301	991625	991625	992168
993168	993466	993466	994078
995078	995359	995359	995850
996850	997130	997130	997764
998764	999039	999039	999688
1000688	1000988	1000988	1001552
1002552	1002861	1002861	1003495
1004495	1004824	1004824	1005439
1006440	1006752	1006752	1007449
1008449	1008726	1008726	1009412
1010412	1010721	1010721	1011068
1012068	1012339	1012339	1012995
1013995	1014267	1014267	1014935
1015935	1016514	1016514	1016799
1017799	1018111	1018111	1018811
1019811	1020278	1020278	1020828
1021828	1022121	1022121	1022427
1023427	1023757	1023757	1024049
1025049	1025443	1025443	1026059
1027059	1027344	1027344	1027956
1028956	1029266	1029266	1029576
1030576	1030849	1030849	1031522
1032522	1032856	1032856	1033478
1034480	1034788	1034788	1035422
1036422	1036696	1036696	1037347
1038347	1038622	1038622	1039291
1040291	1040567	1040567	1041146
1042146	1042460	1042460	1043095
1044095	1044419	1044419	1045032
1046032	1046309	1046309	1046877
1047877	1048187	1048187	1048463
1049463	1049736	1049736	1050146
1051146	1051417	1051417	1051921
1052921	1053317	1053317	1053688
1054688	1054960	1054960	1055537
1056537	1056809	1056809	1057303
1058303	1058575	1058575	1059147
1060148	1060457	1060457	1060783
1061783	1062115	1062115	1062425
1063425	1063730	1063730	1064362
1065362	1065632	1065632	1066203
1067203	1067473	1067473	1068264
1069264	1069541	1069541	1070347
1071348	1071623	1071623	1071915
1072915	1073188	1073188	1073552
1074552	1075106	1075106	1075720
1076720	1077046	1077046	1077353
1078353	1078667	1078667	1078948
1079948	1080320	1080320	1081203
1082203	1082527	1082527	1082877
1083878	1084153	1084153	1084720
1085720	1086003	1086003	1086561
1087561	1087831	1087831	1088503
1089503	1089837	1089837	1090430
1091430	1091762	1091762	1092391
1093391	1093704	1093704	1094178
1095178	1095667	1095667	1096381
1097381	1097668	1097668	1098349
1099349	1099623	1099623	1100252
1101252	1101531	1101531	1102195
1103195	1103505	1103505	1104138
1105138	1105469	1105469	1106081
1107081	1107361	1107361	1108026
1109026	1109301	1109301	1109969
1110969	1111280	1111280	1111605
1112606	1112879	1112879	1113230
1114230	1114502	1114502	1115074
1116074	1116689	1116689	1117031
1118031	1118360	1118360	1118668
1119668	1119999	1119999	1120631
1121631	1121943	1121943	1122575
1123576	1123848	1123848	1124503
1125504	1125829	1125829	1126193
1127194	1127469	1127469	1128164
1129164	1129436	1129436	1130041
1131042	1131315	1131315	1131965
1132965	1133241	1133241	1133908
1134908	1135222	1135222	1135800
1136800	1137101	1137101	1137727
1138727	1139055	1139055	1139624
1140624	1140901	1140901	1141175
1142175	1142446	1142446	1143036
1144036	1144306	1144306	1144844
1145844	1146116	1146116	1146803
1147804	1148078	1148078	1148715
1149715	1149995	1149995	1150301
1151301	1151574	1151574	1152145
1153145	1153423	1153423	1154068
1155070	1155378	1155378	1156077
1157077	1157351	1157351	1158060
1159060	1159407	1159407	1160004
1161004	1161333	1161333	1161643
1162643	1162916	1162916	1163501
1164501	1164774	1164774	1165342
1166342	1166617	1166617	1166982
1167982	1168258	1168258	1168615
1169615	1169890	1169890	1170255
1171256	1171618	1171618	1172130
1173130	1173415	1173415	1173768
1174768	1175045	1175045	1175406
1176406	1176678	1176678	1177039
1178039	1178492	1178492	1178794
1179794	1180077	1180077	1180668
1181668	1181938	1181938	1182512
1183512	1183790	1183790	1184375
1185376	1185731	1185731	1186240
1187240	1187530	1187530	1188265
1189265	1189538	1189538	1190190
1191190	1191463	1191463	1192051
1193051	1193339	1193339	1193643
1194643	1195000	1195000	1195633
1196633	1197166	1197166	1197848
1198848	1199127	1199127	1199725
1200725	1201122	1201122	1201679
1202679	1202952	1202952	1203655
1204655	1204929	1204929	1205544
1206544	1206832	1206832	1207387
1208388	1208994	1208994	1209343
1210343	1210614	1210614	1210964
1211964	1212235	1212235	1212583
1213583	1214169	1214169	1214442
1215442	1215714	1215714	1216420
1217420	1217705	1217705	1218026
1219026	1219296	1219296	1220144
1221144	1221696	1221696	1222016
1223016	1223344	1223344	1223673
1224673	1224946	1224946	1225288
1226288	1226619	1226619	1226927
1227927	1228277	1228277	1228891
1229891	1230225	1230225	1230854
1231854	1232150	1232150	1232458
1233458	1233787	1233787	1234420
1235420	1235727	1235727	1236080
1237080	1237359	1237359	1237708
1238708	1238984	1238984	1239338
1240339	1240627	1240627	1240977
1241977	1242704	1242704	1243421
1244421	1244707	1244707	1245318
1246318	1246627	1246627	1247290
1248290	1248622	1248622	1248930
1249930	1250239	1250239	1250567
1251567	1251901	1251901	1252498
1253498	1253775	1253775	1254265
1255265	1255563	1255563	1256110
1257110	1257394	1257394	1257746
1258746	1259021	1259021	1259365
1260365	1260646	1260646	1261011
1262011	1262293	1262293	1262657
1263657	1263932	1263932	1264230
1265230	1265516	1265516	1265864
1266864	1267149	1267149	1267795
1268795	1269068	1269068	1269704
1270704	1270975	1270975	1271321
1272321	1272591	1272591	1273199
